$GNRMC,111022.00,A,0419.95679,S,05539.68637,E,0.308,,260525,,,A*71
$GNVTG,,T,,M,0.308,N,0.571,K,A*35
$GNGGA,111022.00,0419.95679,S,05539.68637,E,1,12,0.72,44.1,M,-47.6,M,,*4F
$GNGSA,A,3,32,29,26,10,28,18,31,16,,,,,1.64,0.72,1.47*11
$GNGSA,A,3,69,82,70,80,73,,,,,,,,1.64,0.72,1.47*16
$GPGSV,5,1,17,10,25,342,14,16,24,267,31,18,28,055,19,23,09,021,*7D
$GPGSV,5,2,17,24,01,064,08,25,08,141,,26,30,235,27,27,23,325,*78
$GPGSV,5,3,17,28,34,176,20,29,34,141,21,31,20,203,21,32,84,323,40*74
$GPGSV,5,4,17,36,52,277,,40,84,353,38,41,58,082,32,49,32,274,37*72
$GPGSV,5,5,17,50,10,089,*4A
$GLGSV,3,1,09,69,39,358,16,70,50,252,10,71,13,217,,73,14,219,23*6E
$GLGSV,3,2,09,80,13,166,24,82,25,115,16,83,41,054,,84,14,358,*67
$GLGSV,3,3,09,,,,30*6F
$GNGLL,0419.95679,S,05539.68637,E,111022.00,A,A*65
$GNRMC,111023.00,A,0419.95701,S,05539.68634,E,0.788,,260525,,,A*71
$GNVTG,,T,,M,0.788,N,1.459,K,A*33
$GNGGA,111023.00,0419.95701,S,05539.68634,E,1,12,0.72,44.3,M,-47.6,M,,*41
$GNGSA,A,3,32,29,26,10,28,18,31,16,,,,,1.64,0.72,1.47*11
$GNGSA,A,3,69,82,70,80,73,,,,,,,,1.64,0.72,1.47*16
$GPGSV,5,1,17,10,25,342,15,16,24,267,29,18,28,055,18,23,09,021,*74
$GPGSV,5,2,17,24,01,064,08,25,08,141,,26,30,235,27,27,23,325,*78
$GPGSV,5,3,17,28,34,176,21,29,34,141,20,31,20,203,19,32,84,323,41*7E
$GPGSV,5,4,17,36,52,277,,40,84,353,35,41,58,082,37,49,32,274,39*74
$GNRMC,111026.00,A,0419.95748,S,05539.68580,E,0.384,,260525,,,A*7D
$GNVTG,,T,,M,0.384,N,0.711,K,A*35
$GNGGA,111026.00,0419.95748,S,05539.68580,E,1,12,0.72,44.8,M,-47.6,M,,*4E
$GNGSA,A,3,32,29,26,10,28,18,31,16,,,,,1.64,0.72,1.47*11
$GNGSA,A,3,69,82,70,80,73,,,,,,,,1.64,0.72,1.47*16
$GPGSV,5,1,17,10,25,342,16,16,24,267,27,18,28,055,18,23,09,021,*79
$GPGSV,5,2,17,24,01,064,,25,08,141,,26,30,235,35,27,23,325,30*70
$GPGSV,5,3,17,28,34,176,34,29,34,141,32,31,20,203,26,32,84,323,44*70
$GPGSV,5,4,17,36,52,277,,40,84,353,44,41,58,082,33,49,32,274,32*7D
$GPGSV,5,5,17,50,10,089,*4A
$GLGSV,3,1,09,69,39,358,16,70,50,252,08,71,13,217,25,73,14,219,16*66
$GNRMC,111030.00,A,0419.95707,S,05539.68556,E,0.105,,260525,,,A*71
$GNVTG,,T,,M,0.105,N,0.195,K,A*34
$GNGGA,111030.00,0419.95707,S,05539.68556,E,1,12,0.71,43.8,M,-47.6,M,,*4D
$GNGSA,A,3,32,29,26,10,28,18,31,16,,,,,1.58,0.71,1.42*18
$GNGSA,A,3,69,82,70,80,73,71,,,,,,,1.58,0.71,1.42*19
$GNRMC,111031.00,A,0419.95694,S,05539.68552,E,0.042,,260525,,,A*7D
$GNVTG,,T,,M,0.042,N,0.079,K,A*35
$GNGGA,111031.00,0419.95694,S,05539.68552,E,1,12,0.71,43.5,M,-47.6,M,,*4E
$GNGSA,A,3,32,29,26,10,28,18,31,16,,,,,1.58,0.71,1.42*18
$GNGSA,A,3,69,82,70,80,73,71,,,,,,,1.58,0.71,1.42*19
$GPGSV,5,1,17,10,25,343,15,16,24,267,27,18,28,055,15,23,09,021,*76
$GPGSV,5,2,17,24,01,064,,25,08,141,,26,30,235,28,27,23,325,26*7B
$GPGSV,5,3,17,28,34,176,39,29,34,141,32,31,20,203,30,32,84,323,42*7C
$GPGSV,5,4,17,36,52,277,,40,84,353,41,41,58,082,37,49,32,274,*7D
$GPGSV,5,5,17,50,10,089,*4A
$GLGSV,3,1,09,69,39,358,20,70,50,252,10,71,13,217,15,73,14,219,12*6D
$GLGSV,3,2,09,80,13,166,24,82,25,115,23,83,41,054,20,84,14,358,*63
$GLGSV,3,3,09,,,,28*66
$GNGLL,0419.95694,S,05539.68552,E,111031.00,A,A*64
$GNRMC,111032.00,A,0419.95687,S,05539.68550,E,0.076,,260525,,,A*79
$GNVTG,,T,,M,0.076,N,0.141,K,A*38
$GNGGA,111032.00,0419.95687,S,05539.68550,E,1,12,0.74,43.4,M,-47.6,M,,*49
$GNGSA,A,3,32,29,26,10,28,18,31,16,,,,,1.78,0.74,1.62*1D
$GNGSA,A,3,69,82,70,80,73,71,,,,,,,1.78,0.74,1.62*1C
$GPGSV,5,1,17,10,25,343,15,16,24,267,28,18,28,055,14,23,09,021,*78
$GPGSV,5,2,17,24,01,064,,25,08,141,,26,30,235,30,27,23,325,25*71
$GPGSV,5,3,17,28,34,176,40,29,34,141,32,31,20,203,31,32,84,323,42*73
$GPGSV,5,4,17,36,52,277,,40,84,353,40,41,58,082,38,49,32,274,*73
$GPGSV,5,5,17,50,10,089,*4A
$GLGSV,3,1,09,69,39,358,20,70,50,252,09,71,13,217,14,73,14,219,13*65
$GLGSV,3,2,09,80,13,166,25,82,25,115,24,83,41,054,17,84,14,358,*61
$GLGSV,3,3,09,,,,33*6C
$GNGLL,0419.95687,S,05539.68550,E,111032.00,A,A*67
$GNRMC,111033.00,A,0419.95689,S,05539.68548,E,0.062,,260525,,,A*7A
$GNVTG,,T,,M,0.062,N,0.115,K,A*3C
$GNGGA,111033.00,0419.95689,S,05539.68548,E,1,12,0.72,43.4,M,-47.6,M,,*49
$GNGSA,A,3,32,29,26,10,28,18,31,16,,,,,1.64,0.72,1.47*11
$GNGSA,A,3,69,82,70,80,73,71,,,,,,,1.64,0.72,1.47*10
$GPGSV,5,1,17,10,25,343,14,16,24,267,28,18,28,055,15,23,09,021,*78
$GPGSV,5,2,17,24,01,064,,25,08,141,,26,30,235,30,27,23,325,26*72
$GPGSV,5,3,17,28,34,176,41,29,34,141,32,31,20,203,32,32,84,323,43*70
$GPGSV,5,4,17,36,52,277,,40,84,353,43,41,58,082,40,49,32,274,*7F
$GPGSV,5,5,17,50,10,089,*4A
$GLGSV,3,1,09,69,39,358,18,70,50,252,09,71,13,217,11,73,14,219,13*6B
$GNRMC,111034.00,A,0419.95671,S,05539.68561,E,0.212,,260525,,,A*74
$GNVTG,,T,,M,0.212,N,0.393,K,A*35
$GNGGA,111034.00,0419.95671,S,05539.68561,E,1,12,0.72,42.7,M,-47.6,M,,*40
$GNGSA,A,3,32,29,26,10,28,18,31,16,,,,,1.64,0.72,1.47*11
$GNGSA,A,3,69,82,70,80,73,71,,,,,,,1.64,0.72,1.47*10
$GPGSV,5,1,17,10,25,343,14,16,24,267,28,18,28,055,16,23,09,021,*7B
$GPGSV,5,2,17,24,01,064,,25,08,141,,26,30,235,30,27,23,325,26*72
$GPGSV,5,3,17,28,34,176,41,29,34,141,32,31,20,203,29,32,84,323,43*7A
$GPGSV,5,4,17,36,52,277,,40,84,353,42,41,58,082,40,49,32,274,*7E
$GPGSV,5,5,17,50,10,089,*4A
$GLGSV,3,1,09,69,39,358,19,70,50,252,12,71,13,217,10,73,14,219,15*67
$GLGSV,3,2,09,80,13,166,23,82,25,115,23,83,41,054,,84,14,358,*66
$GLGSV,3,3,09,,,,28*66
$GNGLL,0419.95671,S,05539.68561,E,111034.00,A,A*6A
$GNRMC,111035.00,A,0419.95672,S,05539.68558,E,0.102,,260525,,,A*7E
$GNVTG,,T,,M,0.102,N,0.190,K,A*36
$GNGGA,111035.00,0419.95672,S,05539.68558,E,1,12,0.72,42.8,M,-47.6,M,,*47
$GNGSA,A,3,32,29,26,10,28,18,31,16,,,,,1.64,0.72,1.47*11
$GNGSA,A,3,69,82,70,80,73,,,,,,,,1.64,0.72,1.47*16
$GPGSV,5,1,17,10,25,343,13,16,24,267,28,18,28,055,19,23,09,021,*73
$GPGSV,5,2,17,24,01,064,,25,08,141,,26,30,235,30,27,23,325,26*72
$GPGSV,5,3,17,28,34,176,40,29,34,141,32,31,20,203,31,32,84,323,42*73
$GPGSV,5,4,17,36,52,277,,40,84,353,41,41,58,082,38,49,32,274,*72
$GPGSV,5,5,17,50,10,089,*4A
$GLGSV,3,1,09,69,39,358,18,70,50,252,12,71,13,217,09,73,14,219,13*68
$GLGSV,3,2,09,80,13,166,23,82,25,115,23,83,41,054,,84,14,358,*66
$GLGSV,3,3,09,,,,29*67
$GNGLL,0419.95672,S,05539.68558,E,111035.00,A,A*62
$GNRMC,111036.00,A,0419.95676,S,05539.68553,E,0.111,,260525,,,A*70
$GNVTG,,T,,M,0.111,N,0.206,K,A*38
$GNGGA,111036.00,0419.95676,S,05539.68553,E,1,12,0.72,42.8,M,-47.6,M,,*4B
$GNGSA,A,3,32,29,26,10,28,18,31,16,,,,,1.64,0.72,1.47*11
$GNGSA,A,3,69,82,70,80,73,71,,,,,,,1.64,0.72,1.47*10
$GPGSV,5,1,17,10,25,343,15,16,24,267,28,18,28,055,18,23,09,021,*74
$GPGSV,5,2,17,24,01,064,,25,08,141,,26,30,235,28,27,23,325,26*7B
$GPGSV,5,3,17,28,34,176,40,29,34,141,27,31,20,203,31,32,84,323,41*74
$GPGSV,5,4,17,36,52,277,,40,84,353,40,41,58,082,37,49,32,274,*7C
$GPGSV,5,5,17,50,10,089,*4A
$GLGSV,3,1,09,69,39,358,20,70,50,252,09,71,13,217,11,73,14,219,15*66
$GLGSV,3,2,09,80,13,166,25,82,25,115,25,83,41,054,,84,14,358,*66
$GLGSV,3,3,09,,,,30*6F
$GNGLL,0419.95676,S,05539.68553,E,111036.00,A,A*6E
$GNRMC,111037.00,A,0419.95669,S,05539.68554,E,0.111,,260525,,,A*78
$GNVTG,,T,,M,0.111,N,0.206,K,A*38
$GNGGA,111037.00,0419.95669,S,05539.68554,E,1,12,0.72,42.5,M,-47.6,M,,*4E
$GNGSA,A,3,32,29,26,10,28,18,31,16,,,,,1.64,0.72,1.47*11
$GNGSA,A,3,69,82,70,80,73,71,,,,,,,1.64,0.72,1.47*10
$GPGSV,5,1,17,10,25,343,15,16,24,267,28,18,28,056,18,23,09,021,*77
$GPGSV,5,2,17,24,01,064,,25,08,141,,26,30,235,28,27,23,325,25*78
$GPGSV,5,3,17,28,34,176,40,29,34,141,30,31,20,203,31,32,84,323,42*71
$GPGSV,5,4,17,36,52,277,,40,84,353,41,41,58,082,37,49,32,274,*7D
$GPGSV,5,5,17,50,10,089,*4A
$GLGSV,3,1,09,69,39,358,21,70,50,252,10,71,13,217,11,73,14,219,13*69
$GLGSV,3,2,09,80,13,166,24,82,25,115,24,83,41,054,,84,14,358,*66
$GLGSV,3,3,09,,,,29*67
$GNGLL,0419.95669,S,05539.68554,E,111037.00,A,A*66
$GNRMC,111038.00,A,0419.95670,S,05539.68553,E,0.093,,260525,,,A*73
$GNVTG,,T,,M,0.093,N,0.173,K,A*32
$GNGGA,111038.00,0419.95670,S,05539.68553,E,1,12,0.74,42.5,M,-47.6,M,,*48
$GNGSA,A,3,32,29,26,10,28,18,31,16,,,,,1.78,0.74,1.62*1D
$GNGSA,A,3,69,82,70,80,73,71,,,,,,,1.78,0.74,1.62*1C
$GPGSV,5,1,17,10,25,343,18,16,24,267,28,18,28,056,16,23,09,021,*74
$GPGSV,5,2,17,24,01,064,,25,08,141,,26,30,235,29,27,23,325,25*79
$GPGSV,5,3,17,28,34,176,40,29,34,141,30,31,20,203,31,32,84,323,42*71
$GPGSV,5,4,17,36,52,277,,40,84,353,41,41,58,082,37,49,32,274,*7D
$GPGSV,5,5,17,50,10,089,*4A
$GLGSV,3,1,09,69,39,358,21,70,50,252,08,71,13,217,11,73,14,219,12*61
$GLGSV,3,2,09,80,13,166,25,82,25,115,25,83,41,054,,84,14,358,*66
$GLGSV,3,3,09,,,,30*6F
$GNGLL,0419.95670,S,05539.68553,E,111038.00,A,A*66
$GNRMC,111041.00,A,0419.95651,S,05539.68566,E,0.102,,260525,,,A*71
$GNVTG,,T,,M,0.102,N,0.189,K,A*3E
$GNGGA,111041.00,0419.95651,S,05539.68566,E,1,12,0.72,41.8,M,-47.6,M,,*4B
$GNGSA,A,3,32,29,26,10,28,18,31,16,,,,,1.64,0.72,1.47*11
$GNGSA,A,3,69,82,70,80,73,71,,,,,,,1.64,0.72,1.47*10
$GPGSV,5,1,17,10,25,343,17,16,24,267,28,18,28,056,18,23,09,022,*76
$GPGSV,5,2,17,24,01,064,,25,08,141,,26,30,235,26,27,23,325,27*74
$GPGSV,5,3,17,28,34,176,40,29,34,141,32,31,20,203,33,32,84,323,43*70
$GPGSV,5,4,17,36,52,277,,40,84,353,41,41,58,082,39,49,32,274,*73
$GPGSV,5,5,17,50,10,089,*4A
$GLGSV,3,1,09,69,39,358,17,70,50,252,10,71,13,217,13,73,14,219,08*64
$GLGSV,3,2,09,80,13,166,24,82,25,115,22,83,41,054,,84,14,358,*60
$GLGSV,3,3,09,,,,30*6F
$GNGLL,0419.95651,S,05539.68566,E,111041.00,A,A*6D
$GNGGA,111045.00,0419.95627,S,05539.68578,E,1,12,0.72,40.8,M,-47.6,M,,*40
$GNGSA,A,3,32,29,26,10,28,18,31,16,,,,,1.64,0.72,1.47*11
$GNGSA,A,3,69,82,70,80,73,,,,,,,,1.64,0.72,1.47*16
$GPGSV,5,1,17,10,25,343,16,16,24,267,28,18,28,056,16,23,09,022,*79
$GPGSV,5,2,17,24,01,063,,25,07,141,,26,30,235,27,27,24,325,26*7B
$GPGSV,5,3,17,28,34,176,41,29,34,141,30,31,20,203,31,32,84,323,42*70
$GPGSV,5,4,17,36,52,277,,40,84,353,41,41,58,082,39,49,32,274,*73
$GPGSV,5,5,17,50,10,089,*4A
$GLGSV,3,1,09,69,39,358,19,70,50,252,08,71,13,217,08,73,14,219,17*67
$GLGSV,3,2,09,80,13,166,23,82,25,115,22,83,41,054,,84,14,358,*67
$GLGSV,3,3,09,,,,29*67
$GNGLL,0419.95627,S,05539.68578,E,111045.00,A,A*67
$GNRMC,111046.00,A,0419.95631,S,05539.68576,E,0.153,,260525,,,A*75
$GNVTG,,T,,M,0.153,N,0.283,K,A*33
$GNGGA,111046.00,0419.95631,S,05539.68576,E,1,12,0.72,41.0,M,-47.6,M,,*43
$GNGSA,A,3,32,29,26,10,28,18,31,16,,,,,1.64,0.72,1.47*11
$GNGSA,A,3,69,82,70,80,73,71,,,,,,,1.64,0.72,1.47*10
$GPGSV,5,1,17,10,25,343,18,16,24,267,28,18,28,056,19,23,09,022,*78
$GPGSV,5,2,17,24,01,063,,25,07,141,,26,30,235,27,27,24,325,27*7A
$GPGSV,5,3,17,28,35,175,41,29,34,141,30,31,20,203,31,32,84,323,42*72
$GPGSV,5,4,17,36,52,277,,40,84,353,41,41,58,082,38,49,32,274,*72
$GPGSV,5,5,17,50,10,089,*4A
$GLGSV,3,1,09,69,39,358,20,70,50,252,07,71,13,217,12,73,14,219,10*6E
$GLGSV,3,2,09,80,13,166,24,82,25,115,23,83,41,054,,84,14,358,*61
$GLGSV,3,3,09,,,,29*67
$GNGLL,0419.95631,S,05539.68576,E,111046.00,A,A*6D
$GNGSA,A,3,32,29,26,10,28,18,31,16,,,,,1.78,0.74,1.62*1D
$GNGSA,A,3,69,82,70,80,73,71,,,,,,,1.78,0.74,1.62*1C
$GPGSV,5,1,17,10,25,343,21,16,24,267,27,18,28,056,19,23,09,022,*7D
$GPGSV,5,2,17,24,01,063,,25,07,141,,26,30,235,27,27,24,325,27*7A
$GPGSV,5,3,17,28,35,175,42,29,33,141,31,31,20,203,32,32,84,323,44*72
$GPGSV,5,4,17,36,52,277,,40,84,353,41,41,58,082,40,49,32,274,*7D
$GPGSV,5,5,17,50,10,089,*4A
$GLGSV,3,1,09,69,39,358,21,70,50,252,13,71,13,217,12,73,14,219,09*62
$GLGSV,3,2,09,80,13,166,24,82,25,115,23,83,41,054,,84,14,358,*61
$GLGSV,3,3,09,,,,31*6E
$GNGLL,0419.95629,S,05539.68578,E,111047.00,A,A*6B
$GNRMC,111049.00,A,0419.95627,S,05539.68582,E,0.246,,260525,,,A*71
$GNVTG,,T,,M,0.246,N,0.456,K,A*3A
$GNGGA,111049.00,0419.95627,S,05539.68582,E,1,12,0.72,40.6,M,-47.6,M,,*47
$GNGSA,A,3,32,29,26,10,28,18,31,16,,,,,1.64,0.72,1.47*11
$GNGSA,A,3,69,82,70,80,73,71,,,,,,,1.64,0.72,1.47*10
$GPGSV,5,1,17,10,25,343,20,16,24,267,27,18,28,056,14,23,09,022,*71
$GPGSV,5,2,17,24,01,063,,25,07,141,,26,30,235,27,27,24,325,25*78
$GPGSV,5,3,17,28,35,175,38,29,33,141,30,31,20,202,32,32,84,323,41*7A
$GPGSV,5,4,17,36,52,277,,40,84,353,39,41,58,082,37,49,32,274,*72
$GPGSV,5,5,17,50,10,089,*4A
$GLGSV,3,1,09,69,39,358,20,70,50,252,12,71,13,217,12,73,14,219,09*62
$GLGSV,3,2,09,80,13,166,21,82,25,115,20,83,41,054,,84,14,358,*67
$GLGSV,3,3,09,,,,28*66
$GNGLL,0419.95627,S,05539.68582,E,111049.00,A,A*6E
$GNRMC,111053.00,A,0419.95636,S,05539.68575,E,0.041,,260525,,,A*77
$GNVTG,,T,,M,0.041,N,0.077,K,A*38
$GNGGA,111053.00,0419.95636,S,05539.68575,E,1,12,0.74,40.5,M,-47.6,M,,*41
$GNGSA,A,3,32,29,26,10,28,18,31,16,,,,,1.73,0.74,1.56*11
$GNGSA,A,3,69,82,70,80,73,71,,,,,,,1.73,0.74,1.56*10
$GPGSV,5,1,17,10,25,343,19,16,24,267,27,18,28,056,16,23,09,022,*79
$GPGSV,5,2,17,24,01,063,,25,07,141,,26,30,235,27,27,24,325,26*7B
$GPGSV,5,3,17,28,35,175,40,29,33,141,31,31,20,202,33,32,83,327,42*75
$GPGSV,5,4,17,36,52,277,,40,84,353,40,41,58,082,39,49,32,274,*72
$GPGSV,5,5,17,50,10,089,*4A
$GLGSV,3,1,09,69,39,358,19,70,50,252,13,71,13,217,11,73,14,219,11*63
$GLGSV,3,2,09,80,13,166,21,82,25,115,21,83,41,054,,84,14,358,*66
$GLGSV,3,3,09,,,,29*67
$GNGLL,0419.95636,S,05539.68575,E,111053.00,A,A*6D
$GNRMC,111054.00,A,0419.95641,S,05539.68572,E,0.015,,260525,,,A*76
$GNVTG,,T,,M,0.015,N,0.028,K,A*33
$GNGGA,111054.00,0419.95641,S,05539.68572,E,1,12,0.72,40.6,M,-47.6,M,,*44
$GNGSA,A,3,32,29,26,10,28,18,31,16,,,,,1.64,0.72,1.47*11
$GNGSA,A,3,69,82,70,80,73,71,,,,,,,1.64,0.72,1.47*10
$GPGSV,5,1,17,10,25,343,20,16,24,267,27,18,28,056,17,23,09,022,*72
$GPGSV,5,2,17,24,01,063,,25,07,141,,26,30,235,27,27,24,325,25*78
$GPGSV,5,3,17,28,35,175,41,29,33,141,31,31,20,202,32,32,83,327,44*73
$GPGSV,5,4,17,36,52,277,,40,84,353,41,41,58,082,40,49,32,274,*7D
$GPGSV,5,5,17,50,10,089,*4A
$GLGSV,3,1,09,69,39,358,20,70,50,252,12,71,13,217,11,73,14,219,08*60
$GLGSV,3,2,09,80,13,166,22,82,25,115,20,83,41,054,,84,14,358,*64
$GLGSV,3,3,09,,,,29*67
$GNGLL,0419.95641,S,05539.68572,E,111054.00,A,A*6D
$GNRMC,111056.00,A,0419.95638,S,05539.68569,E,0.198,,260525,,,A*74
$GNVTG,,T,,M,0.198,N,0.367,K,A*3F
$GNGGA,111056.00,0419.95638,S,05539.68569,E,1,12,0.74,40.4,M,-47.6,M,,*46
$GNGSA,A,3,32,29,26,10,28,18,31,16,,,,,1.73,0.74,1.56*11
$GNGSA,A,3,69,82,70,80,73,71,,,,,,,1.73,0.74,1.56*10
$GPGSV,5,1,17,10,25,343,19,16,24,267,26,18,28,056,16,23,09,022,*78
$GPGSV,5,2,17,24,01,063,,25,07,141,,26,30,235,27,27,24,325,25*78
$GPGSV,5,3,17,28,35,175,41,29,33,141,31,31,20,202,32,32,83,327,44*73
$GPGSV,5,4,17,36,52,277,,40,84,353,41,41,58,082,38,49,32,274,*72
$GPGSV,5,5,17,50,10,089,*4A
$GLGSV,3,1,09,69,39,358,21,70,50,252,11,71,13,217,12,73,14,219,09*60
$GLGSV,3,2,09,80,13,166,25,82,25,115,22,83,41,054,,84,14,358,*61
$GLGSV,3,3,09,,,,32*6D
$GNGLL,0419.95638,S,05539.68569,E,111056.00,A,A*6B
$GNRMC,111059.00,A,0419.95630,S,05539.68565,E,0.151,,260525,,,A*7A
$GNVTG,,T,,M,0.151,N,0.280,K,A*32
$GNGGA,111059.00,0419.95630,S,05539.68565,E,1,12,0.72,40.3,M,-47.6,M,,*4C
$GNGSA,A,3,32,29,26,10,28,18,31,16,,,,,1.64,0.72,1.47*11
$GNGSA,A,3,69,82,70,80,73,71,,,,,,,1.64,0.72,1.47*10
$GPGSV,5,1,17,10,25,343,21,16,24,267,26,18,28,056,11,23,09,022,*74
$GPGSV,5,2,17,24,01,063,,25,07,141,,26,30,235,27,27,24,325,26*7B
$GPGSV,5,3,17,28,35,175,41,29,33,141,31,31,20,202,33,32,83,327,42*74
$GPGSV,5,4,17,36,52,277,,40,84,353,41,41,58,082,39,49,32,274,*73
$GPGSV,5,5,17,50,10,089,*4A
$GLGSV,3,1,09,69,39,358,20,70,50,252,11,71,13,217,13,73,14,219,09*60
$GLGSV,3,2,09,80,13,166,22,82,25,115,20,83,41,054,,84,14,358,*64
$GLGSV,3,3,09,,,,31*6E
$GNGLL,0419.95630,S,05539.68565,E,111059.00,A,A*60
$GNRMC,111100.00,A,0419.95634,S,05539.68559,E,0.118,,260525,,,A*71
$GNVTG,,T,,M,0.118,N,0.218,K,A*3E
$GNGGA,111100.00,0419.95634,S,05539.68559,E,1,12,0.72,40.3,M,-47.6,M,,*4A
$GNGSA,A,3,32,29,26,10,28,18,31,16,,,,,1.64,0.72,1.47*11
$GNGSA,A,3,69,82,70,80,73,71,,,,,,,1.64,0.72,1.47*10
$GPGSV,5,1,17,10,25,343,19,16,24,267,26,18,28,056,10,23,09,022,*7E
$GPGSV,5,2,17,24,01,063,,25,07,141,,26,30,235,26,27,24,325,27*7B
$GPGSV,5,3,17,28,35,175,40,29,33,141,26,31,20,202,33,32,83,327,42*73
$GPGSV,5,4,17,36,52,277,,40,84,353,41,41,58,082,38,49,32,274,*72
$GPGSV,5,5,17,50,10,089,*4A
$GLGSV,3,1,09,69,39,358,20,70,50,252,13,71,13,217,14,73,14,219,11*6C
$GLGSV,3,2,09,80,13,166,23,82,25,115,18,83,41,054,,84,14,358,*6E
$GLGSV,3,3,09,,,,30*6F
$GNGLL,0419.95634,S,05539.68559,E,111100.00,A,A*66
$GNRMC,111101.00,A,0419.95632,S,05539.68557,E,0.081,,260525,,,A*79
$GNVTG,,T,,M,0.081,N,0.150,K,A*30
$GNGGA,111101.00,0419.95632,S,05539.68557,E,1,12,0.80,40.2,M,-47.6,M,,*4F
$GNGSA,A,3,32,29,26,10,28,31,16,,,,,,1.70,0.80,1.50*16
$GNGSA,A,3,69,82,70,80,73,71,,,,,,,1.70,0.80,1.50*1E
$GPGSV,5,1,17,10,25,343,19,16,24,267,25,18,28,056,10,23,09,022,*7D
$GPGSV,5,2,17,24,01,063,,25,07,141,,26,30,235,26,27,24,325,26*7A
$GPGSV,5,3,17,28,35,175,40,29,33,141,32,31,20,202,33,32,83,327,42*76
$GPGSV,5,4,17,36,52,277,,40,84,353,41,41,58,082,39,49,32,274,*73
$GPGSV,5,5,17,50,10,089,*4A
$GLGSV,3,1,09,69,39,358,19,70,50,252,13,71,13,217,16,73,14,219,12*67
$GLGSV,3,2,09,80,13,166,23,82,25,115,16,83,41,054,21,84,14,358,*63
$GLGSV,3,3,09,,,,31*6E
$GNGLL,0419.95632,S,05539.68557,E,111101.00,A,A*6F
$GNRMC,111103.00,A,0419.95621,S,05539.68555,E,0.141,,260525,,,A*76
$GNVTG,,T,,M,0.141,N,0.261,K,A*3C
$GNGGA,111103.00,0419.95621,S,05539.68555,E,1,12,0.72,39.7,M,-47.6,M,,*4B
$GNGSA,A,3,32,29,26,10,28,18,31,16,,,,,1.64,0.72,1.47*11
$GNGSA,A,3,69,82,70,80,73,71,,,,,,,1.64,0.72,1.47*10
$GPGSV,5,1,17,10,25,343,19,16,24,267,24,18,28,056,14,23,09,022,*78
$GPGSV,5,2,17,24,01,063,,25,07,141,,26,30,235,24,27,24,325,26*78
$GPGSV,5,3,17,28,35,175,41,29,33,141,29,31,20,202,32,32,83,327,41*7F
$GPGSV,5,4,17,36,52,277,,40,84,353,40,41,58,082,38,49,32,274,*73
$GPGSV,5,5,17,50,10,089,*4A
$GLGSV,3,1,09,69,39,358,20,70,50,252,14,71,13,217,14,73,14,219,11*6B
$GLGSV,3,2,09,80,13,166,26,82,25,115,21,83,41,054,18,84,14,358,*68
$GLGSV,3,3,09,,,,32*6D
$GNGLL,0419.95621,S,05539.68555,E,111103.00,A,A*6D
$GNRMC,111104.00,A,0419.95618,S,05539.68557,E,0.113,,260525,,,A*7E
$GNVTG,,T,,M,0.113,N,0.209,K,A*35
$GNGGA,111104.00,0419.95618,S,05539.68557,E,1,12,0.70,39.5,M,-47.6,M,,*44
$GNGSA,A,3,32,29,26,10,28,18,31,16,41,,,,1.53,0.70,1.36*14
$GNGSA,A,3,69,82,70,80,73,71,,,,,,,1.53,0.70,1.36*10
$GPGSV,5,1,17,10,25,343,22,16,24,267,25,18,28,056,13,23,09,022,*76
$GPGSV,5,2,17,24,01,063,,25,07,141,,26,30,235,24,27,24,325,27*79
$GPGSV,5,3,17,28,35,175,42,29,33,141,31,31,20,202,34,32,83,327,43*71
$GPGSV,5,4,17,36,52,277,,40,84,353,41,41,58,082,40,49,32,274,*7D
$GPGSV,5,5,17,50,10,089,*4A
$GLGSV,3,1,09,69,39,358,20,70,50,252,12,71,13,217,14,73,14,219,08*65
$GLGSV,3,2,09,80,13,166,26,82,25,115,20,83,41,054,18,84,14,358,*69
$GLGSV,3,3,09,,,,32*6D
$GNGLL,0419.95618,S,05539.68557,E,111104.00,A,A*62
$GNRMC,111105.00,A,0419.95615,S,05539.68554,E,0.135,,260525,,,A*75
$GNVTG,,T,,M,0.135,N,0.251,K,A*3C
$GNGGA,111105.00,0419.95615,S,05539.68554,E,1,12,0.70,39.4,M,-47.6,M,,*4A
$GNGSA,A,3,32,29,26,10,28,18,31,16,41,,,,1.53,0.70,1.36*14
$GNGSA,A,3,69,82,70,80,73,71,,,,,,,1.53,0.70,1.36*10
$GPGSV,5,1,17,10,25,343,23,16,24,267,26,18,28,056,12,23,09,022,*75
$GPGSV,5,2,17,24,01,063,,25,07,141,,26,30,235,25,27,24,325,27*78
$GPGSV,5,3,17,28,35,175,42,29,33,141,31,31,20,202,33,32,83,327,44*71
$GPGSV,5,4,17,36,52,277,,40,84,353,42,41,58,082,40,49,32,274,*7E
$GPGSV,5,5,17,50,10,089,*4A
$GLGSV,3,1,09,69,39,358,19,70,50,252,13,71,13,217,16,73,14,219,08*6C
$GLGSV,3,2,09,80,13,166,26,82,25,115,21,83,41,054,17,84,14,358,*67
$GLGSV,3,3,09,,,,32*6D
$GNGLL,0419.95615,S,05539.68554,E,111105.00,A,A*6D
$GNRMC,111106.00,A,0419.95614,S,05539.68557,E,0.047,,260525,,,A*70
$GNVTG,,T,,M,0.047,N,0.088,K,A*3E
$GNGGA,111106.00,0419.95614,S,05539.68557,E,1,12,0.70,39.3,M,-47.6,M,,*4C
$GNGSA,A,3,32,29,26,10,28,18,31,16,41,,,,1.53,0.70,1.36*14
$GNGSA,A,3,69,82,70,80,73,71,,,,,,,1.53,0.70,1.36*10
$GPGSV,5,1,17,10,25,343,23,16,24,267,27,18,28,056,14,23,09,022,*72
$GPGSV,5,2,17,24,01,063,,25,07,141,,26,30,235,25,27,24,325,27*78
$GPGSV,5,3,17,28,35,175,43,29,33,141,31,31,20,202,32,32,83,327,44*71
$GPGSV,5,4,17,36,52,277,,40,84,353,42,41,58,082,40,49,32,274,*7E
$GPGSV,5,5,17,50,10,089,*4A
$GLGSV,3,1,09,69,39,358,20,70,50,252,11,71,13,217,17,73,14,219,10*6C
$GLGSV,3,2,09,80,13,166,26,82,25,115,20,83,41,054,16,84,14,358,*67
$GLGSV,3,3,09,,,,32*6D
$GNGLL,0419.95614,S,05539.68557,E,111106.00,A,A*6C
$GNRMC,111107.00,A,0419.95609,S,05539.68561,E,0.109,,260525,,,A*73
$GNVTG,,T,,M,0.109,N,0.201,K,A*36
$GNGGA,111107.00,0419.95609,S,05539.68561,E,1,12,0.70,39.1,M,-47.6,M,,*46
$GNGSA,A,3,32,29,26,10,28,18,31,16,41,,,,1.53,0.70,1.36*14
$GNGSA,A,3,69,82,70,80,73,71,,,,,,,1.53,0.70,1.36*10
$GPGSV,5,1,17,10,25,343,22,16,24,267,26,18,28,056,13,23,09,022,*75
$GPGSV,5,2,17,24,01,063,,25,07,141,,26,30,235,25,27,24,325,27*78
$GPGSV,5,3,17,28,35,175,40,29,33,141,29,31,20,202,33,32,83,327,42*7C
$GPGSV,5,4,17,36,52,277,,40,84,353,41,41,58,082,39,49,32,274,*73
$GPGSV,5,5,17,50,10,089,*4A
$GLGSV,3,1,09,69,39,358,22,70,50,252,09,71,13,217,18,73,14,219,09*60
$GLGSV,3,2,09,80,13,166,26,82,25,115,20,83,41,054,17,84,14,358,*66
$GLGSV,3,3,09,,,,33*6C
$GNGLL,0419.95609,S,05539.68561,E,111107.00,A,A*64
$GNRMC,111108.00,A,0419.95606,S,05539.68562,E,0.130,,260525,,,A*7A
$GNVTG,,T,,M,0.130,N,0.240,K,A*39
$GNGGA,111108.00,0419.95606,S,05539.68562,E,1,12,0.72,38.9,M,-47.6,M,,*4E
$GNGSA,A,3,32,29,26,10,28,18,31,16,41,,,,1.59,0.72,1.42*1F
$GNGSA,A,3,69,82,70,80,73,71,,,,,,,1.59,0.72,1.42*1B
$GPGSV,5,1,17,10,25,343,21,16,24,267,25,18,28,056,11,23,09,022,*77
$GPGSV,5,2,17,24,01,063,,25,07,141,,26,30,235,25,27,24,325,26*79
$GPGSV,5,3,17,28,35,175,41,29,33,141,30,31,20,202,33,32,83,327,43*74
$GPGSV,5,4,17,36,52,277,,40,84,353,41,41,58,082,39,49,32,274,*73
$GPGSV,5,5,17,50,10,089,*4A
$GLGSV,3,1,09,69,39,358,23,70,50,252,10,71,13,217,17,73,14,219,08*67
$GLGSV,3,2,09,80,13,166,25,82,25,115,18,83,41,054,19,84,14,358,*60
$GLGSV,3,3,09,,,,31*6E
$GNGLL,0419.95606,S,05539.68562,E,111108.00,A,A*67
$GNRMC,111110.00,A,0419.95616,S,05539.68554,E,0.118,,260525,,,A*7D
$GNVTG,,T,,M,0.118,N,0.219,K,A*3F
$GNGGA,111110.00,0419.95616,S,05539.68554,E,1,12,0.77,39.1,M,-47.6,M,,*4F
$GNGSA,A,3,32,29,26,10,28,31,16,41,,,,,1.62,0.77,1.42*1B
$GNGSA,A,3,69,82,70,80,73,71,,,,,,,1.62,0.77,1.42*16
$GPGSV,5,1,17,10,25,343,21,16,24,267,25,18,28,056,,23,09,022,*77
$GPGSV,5,2,17,24,01,063,,25,07,141,,26,30,235,26,27,24,325,26*7A
$GPGSV,5,3,17,28,35,175,41,29,33,141,33,31,20,202,33,32,83,327,44*70
$GPGSV,5,4,17,36,52,277,,40,84,353,41,41,58,082,38,49,32,274,*72
$GPGSV,5,5,17,50,10,089,*4A
$GLGSV,3,1,09,69,39,358,23,70,50,252,10,71,13,217,15,73,14,219,12*6E
$GLGSV,3,2,09,80,13,166,24,82,25,115,18,83,41,054,16,84,14,358,*6E
$GLGSV,3,3,09,,,,31*6E
$GNGLL,0419.95616,S,05539.68554,E,111110.00,A,A*6A
$GNRMC,111112.00,A,0419.95638,S,05539.68541,E,0.233,,260525,,,A*7D
$GNVTG,,T,,M,0.233,N,0.431,K,A*39
$GNGGA,111112.00,0419.95638,S,05539.68541,E,1,12,0.77,39.8,M,-47.6,M,,*4C
$GNGSA,A,3,32,29,26,10,28,31,16,41,,,,,1.61,0.77,1.42*18
$GNGSA,A,3,69,82,70,80,73,71,,,,,,,1.61,0.77,1.42*15
$GPGSV,5,1,17,10,25,343,22,16,24,267,24,18,28,056,17,23,09,022,*73
$GPGSV,5,2,17,24,01,063,,25,07,141,,26,30,235,27,27,24,325,26*7B
$GPGSV,5,3,17,28,35,175,42,29,33,141,30,31,20,202,34,32,83,327,44*77
$GPGSV,5,4,17,36,52,277,,40,84,353,44,41,58,082,36,49,32,274,*79
$GPGSV,5,5,17,50,10,089,*4A
$GLGSV,3,1,09,69,39,358,20,70,50,252,10,71,13,217,17,73,14,219,11*6C
$GLGSV,3,2,09,80,13,166,23,82,25,115,17,83,41,054,18,84,14,358,*68
$GLGSV,3,3,09,,,,29*67
$GNGLL,0419.95638,S,05539.68541,E,111112.00,A,A*60
$GNRMC,111116.00,A,0419.95639,S,05539.68545,E,0.053,,260525,,,A*78
$GNVTG,,T,,M,0.053,N,0.098,K,A*3A
$GNGGA,111116.00,0419.95639,S,05539.68545,E,1,12,0.70,39.9,M,-47.6,M,,*4B
$GNGSA,A,3,32,29,26,10,28,18,31,16,41,,,,1.53,0.70,1.36*14
$GNGSA,A,3,69,82,70,80,73,71,,,,,,,1.53,0.70,1.36*10
$GPGSV,5,1,17,10,25,343,22,16,24,267,23,18,28,056,13,23,09,022,*70
$GPGSV,5,2,17,24,01,063,,25,07,141,,26,30,235,25,27,24,325,26*79
$GPGSV,5,3,17,28,35,175,38,29,33,141,29,31,20,202,30,32,83,327,41*73
$GPGSV,5,4,17,36,52,277,,40,84,353,41,41,58,082,39,49,32,274,*73
$GPGSV,5,5,17,50,10,089,*4A
$GLGSV,3,1,09,69,38,358,25,70,51,253,16,71,13,217,15,73,14,219,10*6D
$GLGSV,3,2,09,80,13,166,23,82,25,115,11,83,41,054,18,84,14,358,*6E
$GLGSV,3,3,09,,,,30*6F
$GNGLL,0419.95639,S,05539.68545,E,111116.00,A,A*61
$GNRMC,111117.00,A,0419.95651,S,05539.68541,E,0.097,,260525,,,A*7B
$GNVTG,,T,,M,0.097,N,0.180,K,A*3A
$GNGGA,111117.00,0419.95651,S,05539.68541,E,1,12,0.70,40.3,M,-47.6,M,,*44
$GNGSA,A,3,32,29,26,10,28,18,31,16,41,,,,1.53,0.70,1.36*14
$GNGSA,A,3,69,82,70,80,73,71,,,,,,,1.53,0.70,1.36*10
$GPGSV,5,1,17,10,25,343,21,16,24,267,23,18,28,056,15,23,09,022,*75
$GPGSV,5,2,17,24,01,063,,25,07,141,,26,30,235,25,27,24,325,26*79
$GPGSV,5,3,17,28,35,175,39,29,33,141,28,31,20,202,30,32,83,327,42*70
$GPGSV,5,4,17,36,52,277,,40,84,353,41,41,58,082,39,49,32,274,*73
$GPGSV,5,5,17,50,10,089,*4A
$GLGSV,3,1,09,69,38,358,26,70,51,253,13,71,14,217,16,73,14,219,09*67
$GLGSV,3,2,09,80,13,166,23,82,25,115,20,83,41,054,19,84,14,358,*6D
$GLGSV,3,3,09,,,,31*6E
$GNGLL,0419.95651,S,05539.68541,E,111117.00,A,A*6A
$GNRMC,111119.00,A,0419.95677,S,05539.68523,E,0.194,,260525,,,A*77
$GNVTG,,T,,M,0.194,N,0.360,K,A*34
$GNGGA,111119.00,0419.95677,S,05539.68523,E,1,12,0.70,41.2,M,-47.6,M,,*4A
$GNGSA,A,3,32,29,26,10,28,18,31,16,41,,,,1.53,0.70,1.36*14
$GNGSA,A,3,69,82,70,80,73,71,,,,,,,1.53,0.70,1.36*10
$GPGSV,5,1,17,10,25,343,23,16,24,267,25,18,28,056,18,23,09,022,*7C
$GPGSV,5,2,17,24,01,063,,25,07,141,,26,30,235,27,27,24,325,26*7B
$GPGSV,5,3,17,28,35,175,41,29,33,141,29,31,20,202,32,32,83,327,43*7D
$GPGSV,5,4,17,36,52,277,,40,84,353,42,41,58,082,41,49,32,274,*7F
$GPGSV,5,5,17,50,10,089,*4A
$GLGSV,3,1,09,69,38,358,25,70,51,253,12,71,14,217,15,73,14,219,15*6B
$GLGSV,3,2,09,80,13,166,23,82,25,115,17,83,41,054,20,84,14,358,*63
$GLGSV,3,3,09,,,,31*6E
$GNGLL,0419.95677,S,05539.68523,E,111119.00,A,A*64
$GNRMC,111120.00,A,0419.95665,S,05539.68526,E,0.100,,260525,,,A*76
$GNVTG,,T,,M,0.100,N,0.185,K,A*30
$GNGGA,111120.00,0419.95665,S,05539.68526,E,1,12,0.77,40.8,M,-47.6,M,,*4A
$GNGSA,A,3,32,29,26,10,28,18,31,16,41,,,,1.61,0.77,1.42*11
$GNGSA,A,3,69,82,70,80,73,71,,,,,,,1.61,0.77,1.42*15
$GPGSV,5,1,17,10,25,343,22,16,24,267,24,18,28,056,18,23,09,022,*7C
$GPGSV,5,2,17,24,01,063,,25,07,141,,26,30,235,27,27,24,325,27*7A
$GPGSV,5,3,17,28,35,175,40,29,33,141,30,31,20,202,33,32,83,327,42*74
$GPGSV,5,4,17,36,52,277,,40,84,353,42,41,58,082,40,49,32,274,*7E
$GPGSV,5,5,17,50,10,089,*4A
$GLGSV,3,1,09,69,38,358,26,70,51,253,11,71,14,217,14,73,14,219,10*6F
$GLGSV,3,2,09,80,13,166,23,82,25,115,17,83,41,054,19,84,14,358,*69
$GLGSV,3,3,09,,,,31*6E
$GNGLL,0419.95665,S,05539.68526,E,111120.00,A,A*68
$GNRMC,111121.00,A,0419.95668,S,05539.68522,E,0.041,,260525,,,A*7A
$GNVTG,,T,,M,0.041,N,0.075,K,A*3A
$GNGGA,111121.00,0419.95668,S,05539.68522,E,1,12,0.77,40.9,M,-47.6,M,,*43
$GNGSA,A,3,32,29,26,10,28,18,31,16,41,,,,1.61,0.77,1.42*11
$GNGSA,A,3,69,82,70,80,73,71,,,,,,,1.61,0.77,1.42*15
$GPGSV,5,1,17,10,25,343,22,16,24,267,23,18,28,056,17,23,09,022,*74
$GPGSV,5,2,17,24,01,063,,25,07,141,,26,30,235,27,27,24,325,27*7A
$GPGSV,5,3,17,28,35,175,40,29,33,141,30,31,20,202,32,32,83,327,42*75
$GPGSV,5,4,17,36,52,277,,40,84,353,42,41,58,082,40,49,32,274,*7E
$GPGSV,5,5,17,50,10,089,*4A
$GLGSV,3,1,09,69,38,358,25,70,51,253,11,71,14,217,14,73,14,219,15*69
$GLGSV,3,2,09,80,13,166,24,82,25,115,20,83,41,054,18,84,14,358,*6B
$GLGSV,3,3,09,,,,31*6E
$GNGLL,0419.95668,S,05539.68522,E,111121.00,A,A*60
$GNRMC,111123.00,A,0419.95678,S,05539.68520,E,0.153,,260525,,,A*79
$GNVTG,,T,,M,0.153,N,0.284,K,A*34
$GNGGA,111123.00,0419.95678,S,05539.68520,E,1,12,0.79,41.2,M,-47.6,M,,*46
$GNGSA,A,3,32,29,26,10,28,18,31,16,41,,,,1.67,0.79,1.47*1C
$GNGSA,A,3,69,82,70,80,73,71,,,,,,,1.67,0.79,1.47*18
$GPGSV,5,1,17,10,25,343,22,16,24,267,23,18,28,056,16,23,09,022,*75
$GPGSV,5,2,17,24,01,063,,25,07,141,,26,30,235,27,27,24,325,27*7A
$GPGSV,5,3,17,28,35,175,39,29,33,141,30,31,20,202,32,32,83,327,41*78
$GPGSV,5,4,17,36,52,277,,40,84,353,41,41,58,082,40,49,32,274,*7D
$GPGSV,5,5,17,50,10,089,*4A
$GLGSV,3,1,09,69,38,358,26,70,51,253,15,71,14,217,17,73,14,219,11*69
$GLGSV,3,2,09,80,13,166,22,82,25,115,18,83,41,054,19,84,14,358,*67
$GLGSV,3,3,09,,,,31*6E
$GNGLL,0419.95678,S,05539.68520,E,111123.00,A,A*61
$GNRMC,111125.00,A,0419.95681,S,05539.68520,E,0.014,,260525,,,A*7B
$GNVTG,,T,,M,0.014,N,0.025,K,A*3F
$GNGGA,111125.00,0419.95681,S,05539.68520,E,1,12,0.77,41.2,M,-47.6,M,,*48
$GNGSA,A,3,32,29,26,10,28,18,31,16,41,,,,1.61,0.77,1.42*11
$GNGSA,A,3,69,82,70,80,73,71,,,,,,,1.61,0.77,1.42*15
$GPGSV,5,1,17,10,25,343,21,16,24,267,22,18,28,056,15,23,09,022,*74
$GPGSV,5,2,17,24,01,063,,25,07,141,,26,30,235,27,27,24,325,27*7A
$GPGSV,5,3,17,28,35,175,40,29,33,141,29,31,20,202,31,32,83,327,43*7F
$GPGSV,5,4,17,36,52,277,,40,84,353,41,41,58,082,40,49,32,274,*7D
$GPGSV,5,5,17,50,10,089,*4A
$GLGSV,3,1,09,69,38,358,24,70,51,253,13,71,14,217,16,73,14,219,13*6E
$GLGSV,3,2,09,80,13,166,23,82,25,115,18,83,41,054,21,84,14,358,*6D
$GLGSV,3,3,09,,,,31*6E
$GNGLL,0419.95681,S,05539.68520,E,111125.00,A,A*61
$GNGLL,0419.95683,S,05539.68521,E,111126.00,A,A*61
$GNRMC,111127.00,A,0419.95687,S,05539.68521,E,0.093,,260525,,,A*71
$GNVTG,,T,,M,0.093,N,0.173,K,A*32
$GNGGA,111127.00,0419.95687,S,05539.68521,E,1,12,0.77,41.3,M,-47.6,M,,*4C
$GNGSA,A,3,32,29,26,10,28,18,31,16,41,,,,1.61,0.77,1.42*11
$GNGSA,A,3,69,82,70,80,73,71,,,,,,,1.61,0.77,1.42*15
$GPGSV,5,1,17,10,25,343,20,16,24,267,22,18,28,056,15,23,09,022,*75
$GPGSV,5,2,17,24,01,063,,25,07,141,,26,30,235,26,27,24,325,27*7B
$GPGSV,5,3,17,28,35,175,42,29,33,141,29,31,20,202,33,32,83,327,43*7F
$GPGSV,5,4,17,36,52,277,,40,84,353,42,41,58,082,40,49,32,274,*7E
$GPGSV,5,5,17,50,10,089,*4A
$GLGSV,3,1,09,69,38,358,23,70,51,253,10,71,14,217,14,73,14,219,09*63
$GLGSV,3,2,09,80,13,166,24,82,25,115,19,83,41,054,19,84,14,358,*60
$GLGSV,3,3,09,,,,32*6D
$GNGLL,0419.95687,S,05539.68521,E,111127.00,A,A*64
$GNRMC,111128.00,A,0419.95678,S,05539.68526,E,0.175,,260525,,,A*70
$GNVTG,,T,,M,0.175,N,0.324,K,A*3B
$GNGGA,111128.00,0419.95678,S,05539.68526,E,1,12,0.70,41.0,M,-47.6,M,,*40
$GNGSA,A,3,32,29,26,10,28,18,31,16,41,,,,1.53,0.70,1.36*14
$GNGSA,A,3,69,82,70,80,73,,,,,,,,1.53,0.70,1.36*16
$GPGSV,5,1,17,10,25,343,20,16,24,267,24,18,28,056,16,23,09,022,*70
$GPGSV,5,2,17,24,01,063,,25,07,141,,26,30,235,26,27,24,325,28*74
$GPGSV,5,3,17,28,35,175,42,29,33,141,29,31,20,202,33,32,83,327,42*7E
$GPGSV,5,4,17,36,52,277,,40,84,353,42,41,58,082,40,49,32,274,*7E
$GPGSV,5,5,17,50,10,089,*4A
$GLGSV,3,1,09,69,38,358,21,70,51,253,10,71,14,217,12,73,14,219,10*6F
$GLGSV,3,2,09,80,13,166,25,82,25,115,19,83,41,054,21,84,14,358,*6A
$GLGSV,3,3,09,,,,32*6D
$GNGLL,0419.95678,S,05539.68526,E,111128.00,A,A*6C
$GNRMC,111129.00,A,0419.95677,S,05539.68530,E,0.079,,260525,,,A*74
$GNVTG,,T,,M,0.079,N,0.146,K,A*30
$GNGGA,111129.00,0419.95677,S,05539.68530,E,1,12,0.72,40.9,M,-47.6,M,,*43
$GNGSA,A,3,32,29,26,10,28,18,31,16,41,,,,1.59,0.72,1.42*1F
$GNGSA,A,3,69,82,70,80,73,71,,,,,,,1.59,0.72,1.42*1B
$GPGSV,5,1,17,10,25,343,21,16,24,267,23,18,28,056,15,23,09,022,*75
$GPGSV,5,2,17,24,01,063,,25,07,141,,26,30,235,27,27,24,325,27*7A
$GPGSV,5,3,17,28,35,175,42,29,33,141,28,31,20,202,33,32,83,327,42*7F
$GPGSV,5,4,17,36,52,277,,40,84,353,42,41,58,082,39,49,32,274,*70
$GPGSV,5,5,17,50,10,089,*4A
$GLGSV,3,1,09,69,38,358,22,70,51,253,08,71,14,217,11,73,14,219,17*61
$GLGSV,3,2,09,80,13,166,25,82,25,115,17,83,41,055,23,84,14,358,*67
$GLGSV,3,3,09,,,,33*6C
$GNGLL,0419.95677,S,05539.68530,E,111129.00,A,A*65
$GNRMC,111131.00,A,0419.95681,S,05539.68527,E,0.037,,260525,,,A*78
$GNVTG,,T,,M,0.037,N,0.069,K,A*36
$GNGGA,111131.00,0419.95681,S,05539.68527,E,1,12,0.70,41.0,M,-47.6,M,,*4F
$GNGSA,A,3,32,29,26,10,28,18,31,16,41,,,,1.53,0.70,1.36*14
$GNGSA,A,3,69,82,70,80,73,71,,,,,,,1.53,0.70,1.36*10
$GPGSV,5,1,17,10,25,343,21,16,24,267,23,18,28,056,15,23,09,022,*75
$GPGSV,5,2,17,24,01,063,,25,07,141,,26,30,235,27,27,24,325,28*75
$GPGSV,5,3,17,28,35,175,42,29,33,141,27,31,20,202,36,32,83,327,41*76
$GPGSV,5,4,17,36,52,277,,40,84,353,41,41,58,082,39,49,32,274,*73
$GPGSV,5,5,17,50,10,089,*4A
$GLGSV,3,1,09,69,38,358,22,70,51,253,12,71,14,217,12,73,14,219,19*67
$GLGSV,3,2,09,80,13,166,24,82,25,115,18,83,41,055,22,84,15,359,*68
$GLGSV,3,3,09,,,,34*6B
$GNGLL,0419.95681,S,05539.68527,E,111131.00,A,A*63
$GNRMC,111132.00,A,0419.95677,S,05539.68531,E,0.080,,260525,,,A*79
$GNVTG,,T,,M,0.080,N,0.148,K,A*38
$GNGGA,111132.00,0419.95677,S,05539.68531,E,1,12,0.77,40.9,M,-47.6,M,,*4D
$GNGSA,A,3,32,29,26,10,28,31,16,41,,,,,1.61,0.77,1.42*18
$GNGSA,A,3,69,82,70,80,73,71,,,,,,,1.61,0.77,1.42*15
$GPGSV,5,1,17,10,25,343,20,16,24,267,23,18,28,056,,23,09,022,*70
$GPGSV,5,2,17,24,01,063,,25,07,141,,26,30,235,26,27,24,325,27*7B
$GPGSV,5,3,17,28,35,175,41,29,33,141,27,31,20,202,32,32,83,327,41*71
$GPGSV,5,4,17,36,52,277,,40,84,353,41,41,58,082,39,49,32,274,*73
$GPGSV,5,5,17,50,10,089,*4A
$GLGSV,3,1,09,69,38,358,22,70,51,253,11,71,14,217,13,73,14,219,16*6A
$GLGSV,3,2,09,80,13,166,24,82,25,115,18,83,41,055,23,84,15,359,*69
$GLGSV,3,3,09,,,,31*6E
$GNGLL,0419.95677,S,05539.68531,E,111132.00,A,A*6E
$GNRMC,111134.00,A,0419.95701,S,05539.68520,E,0.132,,260525,,,A*77
$GNVTG,,T,,M,0.132,N,0.245,K,A*3E
$GNGGA,111134.00,0419.95701,S,05539.68520,E,1,12,0.77,41.7,M,-47.6,M,,*44
$GNGSA,A,3,32,29,26,10,28,31,16,41,,,,,1.61,0.77,1.42*18
$GNGSA,A,3,69,82,70,80,73,71,,,,,,,1.61,0.77,1.42*15
$GPGSV,5,1,17,10,25,343,19,16,24,267,22,18,28,056,13,23,09,022,*79
$GPGSV,5,2,17,24,01,063,,25,07,141,,26,30,235,26,27,24,325,27*7B
$GPGSV,5,3,17,28,35,175,40,29,33,141,27,31,20,202,32,32,83,327,43*72
$GPGSV,5,4,17,36,52,277,,40,84,353,42,41,58,082,38,49,32,274,*71
$GPGSV,5,5,17,50,10,089,*4A
$GLGSV,3,1,09,69,38,358,20,70,51,253,09,71,14,217,12,73,14,219,16*60
$GLGSV,3,2,09,80,13,166,24,82,25,115,18,83,41,055,25,84,15,359,*6F
$GLGSV,3,3,09,,,,33*6C
$GNGLL,0419.95701,S,05539.68520,E,111134.00,A,A*68
$GNRMC,111135.00,A,0419.95715,S,05539.68517,E,0.246,,260525,,,A*77
$GNVTG,,T,,M,0.246,N,0.455,K,A*39
$GNGGA,111135.00,0419.95715,S,05539.68517,E,1,12,0.81,42.1,M,-47.6,M,,*48
$GNGSA,A,3,32,29,26,10,28,31,16,41,,,,,1.76,0.81,1.56*12
$GNGSA,A,3,69,82,70,80,73,71,,,,,,,1.76,0.81,1.56*1F
$GPGSV,5,1,17,10,25,343,21,16,24,267,21,18,28,056,,23,09,022,*73
$GPGSV,5,2,17,24,01,063,,25,07,141,,26,30,235,27,27,24,325,27*7A
$GPGSV,5,3,17,28,35,175,40,29,33,141,26,31,20,202,32,32,83,327,42*72
$GPGSV,5,4,17,36,52,277,,40,84,353,41,41,58,082,36,49,32,274,*7C
$GPGSV,5,5,17,50,10,089,*4A
$GLGSV,3,1,09,69,38,358,20,70,51,253,13,71,14,217,16,73,14,219,16*6F
$GLGSV,3,2,09,80,13,166,22,82,25,115,19,83,41,055,25,84,15,359,*68
$GLGSV,3,3,09,,,,33*6C
$GNGLL,0419.95715,S,05539.68517,E,111135.00,A,A*68
$GNRMC,111136.00,A,0419.95716,S,05539.68516,E,0.177,,260525,,,A*77
$GNVTG,,T,,M,0.177,N,0.327,K,A*3A
$GNGGA,111136.00,0419.95716,S,05539.68516,E,1,12,0.77,42.2,M,-47.6,M,,*43
$GNGSA,A,3,32,29,26,10,28,31,16,41,,,,,1.61,0.77,1.42*18
$GNGSA,A,3,69,82,70,80,71,,,,,,,,1.61,0.77,1.42*11
$GPGSV,5,1,17,10,25,343,21,16,24,267,20,18,28,056,,23,09,022,*72
$GPGSV,5,2,17,24,01,063,,25,07,141,,26,30,235,28,27,24,325,27*75
$GPGSV,5,3,17,28,35,175,40,29,33,141,25,31,20,202,32,32,83,327,42*71
$GPGSV,5,4,17,36,52,277,,40,84,353,41,41,58,082,37,49,32,274,*7D
$GPGSV,5,5,17,50,10,089,*4A
$GLGSV,3,1,09,69,38,358,22,70,51,253,10,71,14,217,13,73,14,219,*6C
$GLGSV,3,2,09,80,13,166,21,82,25,115,19,83,41,055,23,84,15,359,*6D
$GLGSV,3,3,09,,,,33*6C
$GNGLL,0419.95716,S,05539.68516,E,111136.00,A,A*69
$GNRMC,111139.00,A,0419.95695,S,05539.68515,E,0.108,,260525,,,A*79
$GNVTG,,T,,M,0.108,N,0.200,K,A*36
$GNGGA,111139.00,0419.95695,S,05539.68515,E,1,12,0.77,41.7,M,-47.6,M,,*43
$GNGSA,A,3,32,29,26,10,28,31,16,41,,,,,1.61,0.77,1.42*18
$GNGSA,A,3,69,82,70,80,71,,,,,,,,1.61,0.77,1.42*11
$GPGSV,5,1,17,10,25,343,18,16,24,267,19,18,28,056,16,23,09,022,*75
$GPGSV,5,2,17,24,01,063,,25,07,141,,26,30,235,26,27,24,325,23*7F
$GPGSV,5,3,17,28,35,175,37,29,33,141,23,31,20,202,31,32,83,327,39*78
$GPGSV,5,4,17,36,52,277,,40,84,353,39,41,58,082,35,49,32,274,*70
$GPGSV,5,5,17,50,10,089,*4A
$GLGSV,3,1,09,69,38,358,20,70,51,253,10,71,14,217,14,73,14,219,*69
$GLGSV,3,2,09,80,13,166,19,82,25,115,18,83,41,055,17,84,15,359,*60
$GLGSV,3,3,09,,,,32*6D
$GNGLL,0419.95695,S,05539.68515,E,111139.00,A,A*6F
$GLGSV,3,2,09,80,13,166,19,82,25,115,16,83,41,055,15,84,15,359,*6C
$GLGSV,3,3,09,,,,27*69
$GNGLL,0419.95698,S,05539.68507,E,111140.00,A,A*6F
$GNRMC,111141.00,A,0419.95687,S,05539.68510,E,0.087,,260525,,,A*76
$GNVTG,,T,,M,0.087,N,0.160,K,A*35
$GNGGA,111141.00,0419.95687,S,05539.68510,E,1,12,0.97,41.5,M,-47.6,M,,*46
$GNGSA,A,3,32,29,26,28,31,16,41,,,,,,2.05,0.97,1.81*19
$GNGSA,A,3,69,82,70,80,71,,,,,,,,2.05,0.97,1.81*11
$GPGSV,5,1,17,10,25,343,,16,24,267,20,18,28,056,14,23,09,022,*74
$GPGSV,5,2,17,24,01,063,,25,07,141,,26,30,235,26,27,24,325,23*7F
$GPGSV,5,3,17,28,35,175,39,29,33,141,23,31,20,202,31,32,83,327,42*7A
$GPGSV,5,4,17,36,52,277,,40,84,353,42,41,58,082,36,49,32,274,*7F
$GPGSV,5,5,17,50,10,089,*4A
$GLGSV,3,1,09,69,38,358,19,70,51,253,11,71,14,217,18,73,14,219,*6E
$GLGSV,3,2,09,80,13,166,19,82,25,115,18,83,41,055,15,84,15,359,*62
$GLGSV,3,3,09,,,,31*6E
$GNGLL,0419.95687,S,05539.68510,E,111141.00,A,A*66
$GNRMC,111146.00,A,0419.95669,S,05539.68554,E,0.144,,260525,,,A*7F
$GNVTG,,T,,M,0.144,N,0.267,K,A*3F
$GNGGA,111146.00,0419.95669,S,05539.68554,E,1,12,0.81,41.0,M,-47.6,M,,*43
$GNGSA,A,3,32,29,26,28,18,31,16,41,,,,,1.70,0.81,1.50*1A
$GNGSA,A,3,69,82,70,80,71,,,,,,,,1.70,0.81,1.50*1B
$GPGSV,5,1,17,10,24,343,22,16,24,267,22,18,28,056,15,23,09,022,*76
$GPGSV,5,2,17,24,01,063,,25,07,141,,26,30,235,28,27,24,325,25*77
$GPGSV,5,3,17,28,35,175,38,29,33,141,25,31,20,202,31,32,83,327,41*7E
$GPGSV,5,4,17,36,52,277,,40,84,353,41,41,58,082,36,49,32,274,*7C
$GPGSV,5,5,17,50,10,089,*4A
$GLGSV,3,1,09,69,38,358,23,70,51,253,12,71,14,217,16,73,14,219,*6A
$GLGSV,3,2,09,80,13,166,21,82,25,115,19,83,41,055,19,84,15,359,*64
$GLGSV,3,3,09,,,,33*6C
$GNGLL,0419.95669,S,05539.68554,E,111146.00,A,A*61
$GNRMC,111148.00,A,0419.95680,S,05539.68514,E,0.531,,260525,,,D*71
$GNVTG,,T,,M,0.531,N,0.984,K,D*3A
$GNGGA,111148.00,0419.95680,S,05539.68514,E,2,12,0.82,41.6,M,-47.6,M,,0000*48
$GNGSA,A,3,32,29,26,28,18,31,16,41,,,,,1.77,0.82,1.57*19
$GNGSA,A,3,69,82,70,80,,,,,,,,,1.77,0.82,1.57*1E
$GPGSV,5,1,17,10,24,343,16,16,24,267,18,18,28,056,13,23,09,022,*7E
$GPGSV,5,2,17,24,01,063,,25,07,141,,26,30,235,25,27,24,325,23*7C
$GPGSV,5,3,17,28,35,175,34,29,33,141,21,31,20,202,28,32,83,327,37*7F
$GPGSV,5,4,17,36,52,277,,40,84,353,37,41,58,082,32,49,32,274,*79
$GPGSV,5,5,17,50,10,089,*4A
$GLGSV,3,1,09,69,38,358,21,70,51,253,09,71,14,217,09,73,14,219,*6C
$GLGSV,3,2,09,80,13,166,20,82,25,115,19,83,41,055,17,84,15,359,*6B
$GLGSV,3,3,09,,,,33*6C
$GNGLL,0419.95680,S,05539.68514,E,111148.00,A,D*69
$GNRMC,111151.00,A,0419.95672,S,05539.68539,E,0.172,,260525,,,A*7D
$GNVTG,,T,,M,0.172,N,0.319,K,A*32
$GNGGA,111151.00,0419.95672,S,05539.68539,E,1,12,0.83,41.3,M,-47.6,M,,*45
$GNGSA,A,3,32,29,26,28,18,31,16,41,,,,,1.80,0.83,1.60*14
$GNGSA,A,3,69,82,80,71,,,,,,,,,1.80,0.83,1.60*12
$GPGSV,5,1,17,10,24,343,,16,24,266,21,18,28,056,14,23,09,022,*75
$GPGSV,5,2,17,24,01,063,,25,07,141,,26,30,235,27,27,24,325,24*79
$GPGSV,5,3,17,28,35,175,32,29,33,141,24,31,20,202,29,32,83,327,35*7F
$GNRMC,111152.00,A,0419.95659,S,05539.68547,E,0.169,,260525,,,A*74
$GNVTG,,T,,M,0.169,N,0.314,K,A*35
$GNGGA,111152.00,0419.95659,S,05539.68547,E,1,12,0.81,40.9,M,-47.6,M,,*4F
$GNGSA,A,3,32,29,26,28,18,31,16,41,,,,,1.70,0.81,1.50*1A
$GNGSA,A,3,69,82,70,80,71,,,,,,,,1.70,0.81,1.50*1B
$GPGSV,5,1,17,10,24,343,,16,24,266,20,18,28,056,14,23,09,022,*74
$GPGSV,5,2,17,24,01,063,,25,07,141,,26,30,235,26,27,24,325,24*78
$GPGSV,5,3,17,28,35,175,38,29,33,141,22,31,20,202,30,32,83,327,38*76
$GPGSV,5,4,17,36,52,277,,40,84,353,38,41,58,082,33,49,32,274,*77
$GPGSV,5,5,17,50,10,089,*4A
$GLGSV,3,1,09,69,38,358,22,70,51,253,09,71,14,217,10,73,14,219,*67
$GLGSV,3,2,09,80,13,166,16,82,25,115,14,83,41,055,15,84,15,359,*61
$GLGSV,3,3,09,,,,27*69
$GNGLL,0419.95659,S,05539.68547,E,111152.00,A,A*65
$GNRMC,111155.00,A,0419.95687,S,05539.68535,E,0.009,,260525,,,A*72
$GNVTG,,T,,M,0.009,N,0.017,K,A*32
$GNGGA,111155.00,0419.95687,S,05539.68535,E,1,12,0.93,42.0,M,-47.6,M,,*46
$GNGSA,A,3,32,29,26,28,31,16,41,,,,,,1.90,0.93,1.66*1B
$GNGSA,A,3,69,82,70,80,71,,,,,,,,1.90,0.93,1.66*13
$GPGSV,5,1,17,10,24,343,22,16,24,266,18,18,28,056,,23,09,022,*7A
$GPGSV,5,2,17,24,01,063,,25,07,141,,26,30,235,27,27,24,325,26*7B
$GPGSV,5,3,17,28,35,175,41,29,33,141,24,31,20,202,34,32,83,327,41*74
$GPGSV,5,4,17,36,52,277,,40,84,353,42,41,58,082,39,49,32,274,*70
$GPGSV,5,5,17,50,10,089,*4A
$GLGSV,3,1,09,69,38,358,24,70,51,253,15,71,14,217,16,73,14,219,*6A
$GLGSV,3,2,09,80,13,166,21,82,25,115,21,83,41,055,22,84,15,359,*67
$GLGSV,3,3,09,,,,34*6B
$GNGLL,0419.95687,S,05539.68535,E,111155.00,A,A*64
$GNRMC,111156.00,A,0419.95689,S,05539.68534,E,0.107,,260525,,,A*71
$GNVTG,,T,,M,0.107,N,0.198,K,A*3B
$GNGGA,111156.00,0419.95689,S,05539.68534,E,1,12,0.97,42.0,M,-47.6,M,,*4E
$GNGSA,A,3,32,29,26,28,31,16,41,,,,,,2.05,0.97,1.81*19
$GNGSA,A,3,69,82,70,80,71,,,,,,,,2.05,0.97,1.81*11
$GPGSV,5,1,17,10,24,343,20,16,24,266,18,18,28,056,,23,08,022,*79
$GPGSV,5,2,17,24,01,063,,25,07,141,,26,30,235,27,27,24,325,27*7A
$GPGSV,5,3,17,28,35,175,41,29,33,141,26,31,20,202,35,32,83,327,40*76
$GPGSV,5,4,17,36,52,277,,40,84,353,42,41,58,082,40,49,32,274,*7E
$GPGSV,5,5,17,50,10,089,*4A
$GLGSV,3,1,09,69,38,358,25,70,51,253,11,71,14,217,11,73,14,219,*68
$GLGSV,3,2,09,80,13,166,24,82,25,115,20,83,41,055,23,84,15,359,*62
$GLGSV,3,3,09,,,,32*6D
$GNGLL,0419.95689,S,05539.68534,E,111156.00,A,A*68
$GNRMC,111157.00,A,0419.95671,S,05539.68543,E,0.161,,260525,,,A*77
$GNVTG,,T,,M,0.161,N,0.299,K,A*39
$GNGGA,111157.00,0419.95671,S,05539.68543,E,1,12,0.93,41.3,M,-47.6,M,,*4C
$GNGSA,A,3,32,29,26,28,31,16,41,,,,,,1.90,0.93,1.66*1B
$GNGSA,A,3,69,82,70,80,71,,,,,,,,1.90,0.93,1.66*13
$GPGSV,5,1,17,10,24,343,,16,24,266,19,18,28,056,,23,08,022,*7A
$GPGSV,5,2,17,24,01,063,,25,07,141,,26,30,235,26,27,24,325,26*7A
$GPGSV,5,3,17,28,35,175,41,29,33,141,28,31,20,202,33,32,83,327,42*7C
$GPGSV,5,4,17,36,52,277,,40,84,353,43,41,58,082,40,49,32,274,*7F
$GPGSV,5,5,17,50,10,089,*4A
$GLGSV,3,1,09,69,38,358,25,70,51,253,11,71,14,217,11,73,14,219,*68
$GLGSV,3,2,09,80,13,166,24,82,25,115,19,83,41,055,25,84,15,359,*6E
$GLGSV,3,3,09,,,,31*6E
$GNGLL,0419.95671,S,05539.68543,E,111157.00,A,A*6E
$GNRMC,111158.00,A,0419.95689,S,05539.68540,E,0.213,,260525,,,A*7A
$GNVTG,,T,,M,0.213,N,0.395,K,A*32
$GNGGA,111158.00,0419.95689,S,05539.68540,E,1,12,0.93,41.9,M,-47.6,M,,*4D
$GNGSA,A,3,32,29,26,28,31,16,41,,,,,,1.90,0.93,1.66*1B
$GNGSA,A,3,69,82,70,80,71,,,,,,,,1.90,0.93,1.66*13
$GPGSV,5,1,17,10,24,343,22,16,24,266,19,18,28,056,,23,08,022,*7A
$GPGSV,5,2,17,24,01,063,,25,07,140,,26,30,235,26,27,24,325,26*7B
$GPGSV,5,3,17,28,35,175,41,29,33,141,28,31,20,202,34,32,83,327,41*78
$GPGSV,5,4,17,36,52,277,,40,84,353,42,41,58,082,39,49,32,274,*70
$GPGSV,5,5,17,50,10,089,*4A
$GLGSV,3,1,09,69,38,358,23,70,51,253,08,71,14,217,12,73,14,219,*65
$GLGSV,3,2,09,80,13,166,24,82,25,115,17,83,41,055,24,84,15,359,*61
$GLGSV,3,3,09,,,,31*6E
$GNGLL,0419.95689,S,05539.68540,E,111158.00,A,A*65
$GNRMC,111159.00,A,0419.95682,S,05539.68553,E,0.285,,260525,,,A*7D
$GNVTG,,T,,M,0.285,N,0.527,K,A*32
$GNGGA,111159.00,0419.95682,S,05539.68553,E,1,12,0.99,41.7,M,-47.6,M,,*41
$GNGSA,A,3,32,29,26,28,31,16,41,,,,,,2.10,0.99,1.86*14
$GNGSA,A,3,69,82,70,80,71,,,,,,,,2.10,0.99,1.86*1C
$GPGSV,5,1,17,10,24,343,20,16,24,266,21,18,28,056,,23,08,022,*73
$GPGSV,5,2,17,24,01,063,,25,07,140,,26,30,234,24,27,24,325,26*78
$GPGSV,5,3,17,28,35,175,40,29,33,141,27,31,20,202,33,32,83,327,40*70
$GPGSV,5,4,17,36,52,277,,40,84,353,42,41,58,082,39,49,32,274,*70
$GPGSV,5,5,17,50,10,089,*4A
$GLGSV,3,1,09,69,38,358,22,70,51,253,10,71,14,217,11,73,14,219,*6E
$GLGSV,3,2,09,80,13,166,25,82,25,115,16,83,41,055,26,84,15,359,*63
$GLGSV,3,3,09,,,,31*6E
$GNGLL,0419.95682,S,05539.68553,E,111159.00,A,A*6D
$GNGGA,111201.00,0419.95701,S,05539.68559,E,2,12,0.77,42.4,M,-47.6,M,,0000*4C
$GNGSA,A,3,32,29,26,10,28,31,16,41,,,,,1.61,0.77,1.42*18
$GNGSA,A,3,69,82,70,80,71,,,,,,,,1.61,0.77,1.42*11
$GPGSV,5,1,17,10,24,343,18,16,24,266,22,18,28,056,21,23,08,022,*78
$GPGSV,5,2,17,24,01,063,,25,07,140,,26,30,234,24,27,24,325,26*78
$GPGSV,5,3,17,28,35,174,42,29,33,141,31,31,20,202,35,32,83,327,41*73
$GPGSV,5,4,17,36,52,277,,40,84,353,42,41,58,082,39,49,32,274,*70
$GPGSV,5,5,17,50,10,089,*4A
$GLGSV,3,1,09,69,38,358,24,70,51,253,09,71,14,217,19,73,14,219,20*6A
$GLGSV,3,2,09,80,13,166,25,82,25,115,16,83,41,055,26,84,15,359,*63
$GLGSV,3,3,09,,,,31*6E
$GNGLL,0419.95701,S,05539.68559,E,111201.00,A,D*66
$GNRMC,111202.00,A,0419.95701,S,05539.68564,E,0.102,,260525,,,D*77
$GNVTG,,T,,M,0.102,N,0.188,K,D*3A
$GNGGA,111202.00,0419.95701,S,05539.68564,E,2,12,0.77,42.4,M,-47.6,M,,0000*41
$GNGSA,A,3,32,29,26,10,28,31,16,41,,,,,1.61,0.77,1.42*18
$GNGSA,A,3,69,82,70,80,73,71,,,,,,,1.61,0.77,1.42*15
$GPGSV,5,1,17,10,24,343,20,16,24,266,22,18,28,056,18,23,08,022,*79
$GPGSV,5,2,17,24,01,063,,25,07,140,,26,30,234,25,27,24,325,27*78
$GPGSV,5,3,17,28,35,174,41,29,33,142,30,31,20,202,35,32,83,327,40*73
$GPGSV,5,4,17,36,52,277,,40,84,353,41,41,58,082,39,49,32,274,*73
$GPGSV,5,5,17,50,10,089,*4A
$GLGSV,3,1,09,69,38,358,24,70,51,253,10,71,14,217,14,73,14,219,21*6E
$GLGSV,3,2,09,80,13,166,25,82,25,115,16,83,41,055,26,84,15,359,*63
$GLGSV,3,3,09,,,,31*6E
$GNGLL,0419.95701,S,05539.68564,E,111202.00,A,D*6B
$GNRMC,111203.00,A,0419.95715,S,05539.68562,E,0.162,,260525,,,D*73
$GNVTG,,T,,M,0.162,N,0.300,K,D*3E
$GNGGA,111203.00,0419.95715,S,05539.68562,E,2,12,0.77,42.9,M,-47.6,M,,0000*4E
$GNGSA,A,3,32,29,26,10,28,31,16,41,,,,,1.61,0.77,1.42*18
$GNGSA,A,3,69,82,70,80,73,71,,,,,,,1.61,0.77,1.42*15
$GPGSV,5,1,17,10,24,343,21,16,24,266,23,18,28,056,16,23,08,022,*77
$GPGSV,5,2,17,24,01,063,,25,07,140,,26,30,234,26,27,24,325,26*7A
$GPGSV,5,3,17,28,35,174,41,29,33,142,31,31,20,202,34,32,83,327,40*73
$GPGSV,5,4,17,36,52,277,,40,84,353,41,41,58,082,39,49,32,274,*73
$GPGSV,5,5,17,50,10,089,*4A
$GLGSV,3,1,09,69,38,358,23,70,51,253,08,71,14,217,11,73,14,219,21*65
$GLGSV,3,2,09,80,13,166,25,82,25,115,16,83,41,055,26,84,15,359,*63
$GLGSV,3,3,09,,,,30*6F
$GNGLL,0419.95715,S,05539.68562,E,111203.00,A,D*69
$GNRMC,111204.00,A,0419.95706,S,05539.68566,E,0.061,,260525,,,D*70
$GNVTG,,T,,M,0.061,N,0.113,K,D*3C
$GNGGA,111204.00,0419.95706,S,05539.68566,E,2,12,0.76,42.6,M,-47.6,M,,0000*41
$GNGSA,A,3,32,29,26,10,28,31,16,41,,,,,1.58,0.76,1.38*1E
$GNGSA,A,3,69,82,70,80,73,71,,,,,,,1.58,0.76,1.38*13
$GPGSV,5,1,17,10,24,343,20,16,24,266,22,18,28,056,14,23,08,022,*75
$GPGSV,5,2,17,24,01,063,,25,07,140,,26,30,234,25,27,24,325,26*79
$GPGSV,5,3,17,28,35,174,41,29,33,142,30,31,20,202,34,32,83,327,40*72
$GPGSV,5,4,17,36,52,277,,40,84,353,41,41,58,082,39,49,32,274,*73
$GPGSV,5,5,17,50,10,089,*4A
$GLGSV,3,1,09,69,38,358,23,70,51,253,09,71,14,217,11,73,14,219,21*64
$GLGSV,3,2,09,80,13,166,26,82,25,115,15,83,41,055,26,84,15,359,*63
$GLGSV,3,3,09,,,,31*6E
$GNGLL,0419.95706,S,05539.68566,E,111204.00,A,D*68
$GNRMC,111205.00,A,0419.95710,S,05539.68565,E,0.172,,260525,,,D*76
$GNVTG,,T,,M,0.172,N,0.318,K,D*36
$GNGGA,111205.00,0419.95710,S,05539.68565,E,2,12,0.72,42.8,M,-47.6,M,,0000*4E
$GNGSA,A,3,32,29,26,10,28,18,31,16,41,,,,1.62,0.72,1.45*10
$GNGSA,A,3,69,82,70,80,73,71,,,,,,,1.62,0.72,1.45*14
$GPGSV,5,1,17,10,24,343,19,16,24,266,22,18,28,056,14,23,08,022,*7F
$GPGSV,5,2,17,24,01,063,,25,07,140,,26,30,234,24,27,24,325,26*78
$GPGSV,5,3,17,28,35,174,41,29,33,142,26,31,20,202,34,32,83,330,40*73
$GPGSV,5,4,17,36,52,277,,40,84,353,42,41,58,082,40,49,32,274,*7E
$GPGSV,5,5,17,50,10,089,*4A
$GLGSV,3,1,09,69,38,358,21,70,51,253,12,71,14,217,13,73,14,219,20*6F
$GLGSV,3,2,09,80,13,166,26,82,25,115,12,83,41,055,26,84,15,359,*64
$GLGSV,3,3,09,,,,30*6F
$GNGLL,0419.95710,S,05539.68565,E,111205.00,A,D*6D
$GNRMC,111206.00,A,0419.95699,S,05539.68561,E,0.233,,260525,,,D*77
$GNVTG,,T,,M,0.233,N,0.431,K,D*3C
$GNGGA,111206.00,0419.95699,S,05539.68561,E,2,12,0.69,42.4,M,-47.6,M,,0000*4F
$GNGSA,A,3,32,29,26,10,28,18,31,16,41,,,,1.49,0.69,1.32*13
$GNGSA,A,3,69,82,70,80,73,71,,,,,,,1.49,0.69,1.32*17
$GPGSV,5,1,17,10,24,343,18,16,24,266,21,18,28,056,14,23,08,022,*7D
$GPGSV,5,2,17,24,01,063,,25,07,140,,26,30,234,23,27,24,325,26*7F
$GPGSV,5,3,17,28,35,174,41,29,33,142,28,31,20,202,35,32,83,330,41*7D
$GPGSV,5,4,17,36,52,277,,40,84,353,42,41,58,082,40,49,32,274,*7E
$GPGSV,5,5,17,50,10,089,*4A
$GLGSV,3,1,09,69,38,358,22,70,51,253,13,71,14,217,14,73,14,219,20*6A
$GLGSV,3,2,09,80,13,166,26,82,25,115,15,83,41,055,26,84,15,359,*63
$GLGSV,3,3,09,,,,31*6E
$GNGLL,0419.95699,S,05539.68561,E,111206.00,A,D*6A
$GNRMC,111208.00,A,0419.95691,S,05539.68572,E,0.126,,260525,,,D*74
$GNVTG,,T,,M,0.126,N,0.234,K,D*38
$GNGGA,111208.00,0419.95691,S,05539.68572,E,2,12,0.82,42.1,M,-47.6,M,,0000*4B
$GNGSA,A,3,32,29,26,28,18,31,16,41,,,,,1.77,0.82,1.57*19
$GNGSA,A,3,69,82,70,80,73,71,,,,,,,1.77,0.82,1.57*1C
$GPGSV,5,1,17,10,24,343,22,16,24,266,21,18,28,056,14,23,08,022,*74
$GPGSV,5,2,17,24,01,063,,25,07,140,,26,30,234,24,27,24,325,26*78
$GPGSV,5,3,17,28,35,174,43,29,33,142,29,31,20,202,36,32,83,330,41*7D
$GPGSV,5,4,17,36,52,277,,40,84,353,44,41,58,082,41,49,32,274,*79
$GPGSV,5,5,17,50,10,089,*4A
$GLGSV,3,1,09,69,38,358,20,70,51,253,13,71,14,217,12,73,14,219,20*6E
$GLGSV,3,2,09,80,13,166,26,82,25,115,15,83,41,055,25,84,15,359,*60
$GLGSV,3,3,09,,,,31*6E
$GNGLL,0419.95691,S,05539.68572,E,111208.00,A,D*6E
$GNRMC,111210.00,A,0419.95695,S,05539.68574,E,0.050,,260525,,,D*7F
$GNVTG,,T,,M,0.050,N,0.093,K,D*37
$GNGGA,111210.00,0419.95695,S,05539.68574,E,2,12,0.93,42.1,M,-47.6,M,,0000*40
$GNGSA,A,3,32,29,26,28,31,16,41,,,,,,1.87,0.93,1.62*19
$GNGSA,A,3,69,82,70,80,73,71,,,,,,,1.87,0.93,1.62*15
$GPGSV,5,1,17,10,24,343,,16,24,266,21,18,28,056,19,23,08,022,*79
$GPGSV,5,2,17,24,01,063,,25,07,140,,26,30,234,23,27,24,325,25*7C
$GPGSV,5,3,17,28,35,174,40,29,33,142,27,31,20,202,33,32,83,330,42*76
$GPGSV,5,4,17,36,52,277,,40,84,353,40,41,58,082,38,49,32,274,*73
$GPGSV,5,5,17,50,10,089,*4A
$GLGSV,3,1,09,69,38,358,23,70,51,253,13,71,14,217,11,73,14,219,22*6C
$GLGSV,3,2,09,80,13,166,27,82,25,115,16,83,41,055,24,84,15,359,*63
$GLGSV,3,3,09,,,,31*6E
$GNGLL,0419.95695,S,05539.68574,E,111210.00,A,D*65
$GNRMC,111213.00,A,0419.95704,S,05539.68576,E,0.206,,260525,,,D*76
$GNVTG,,T,,M,0.206,N,0.381,K,D*36
$GNGGA,111213.00,0419.95704,S,05539.68576,E,2,12,0.93,42.1,M,-47.6,M,,0000*48
$GNGSA,A,3,32,29,26,28,31,16,41,,,,,,1.87,0.93,1.62*19
$GNGSA,A,3,69,82,70,80,73,71,,,,,,,1.87,0.93,1.62*15
$GPGSV,5,1,17,10,24,343,,16,24,266,19,18,28,056,17,23,08,022,*7C
$GPGSV,5,2,17,24,01,063,,25,07,140,,26,30,234,24,27,24,325,20*7E
$GPGSV,5,3,17,28,35,174,41,29,33,142,24,31,20,202,34,32,83,330,41*70
$GPGSV,5,4,17,36,52,277,30,40,84,353,42,41,58,082,38,49,32,274,*72
$GPGSV,5,5,17,50,10,089,*4A
$GLGSV,3,1,09,69,38,358,20,70,51,253,10,71,14,217,10,73,14,219,20*6F
$GLGSV,3,2,09,80,13,166,27,82,25,115,21,83,41,055,23,84,15,359,*60
$GLGSV,3,3,09,,,,26*68
$GNGLL,0419.95704,S,05539.68576,E,111213.00,A,D*6D
$GNRMC,111214.00,A,0419.95714,S,05539.68580,E,0.288,,260525,,,D*7F
$GNVTG,,T,,M,0.288,N,0.534,K,D*38
$GNGGA,111214.00,0419.95714,S,05539.68580,E,2,12,0.83,42.4,M,-47.6,M,,0000*43
$GNGSA,A,3,32,29,26,28,18,31,16,41,,,,,1.80,0.83,1.60*14
$GNGSA,A,3,69,82,70,80,73,,,,,,,,1.80,0.83,1.60*17
$GPGSV,5,1,17,10,24,343,,16,24,266,17,18,28,056,16,23,08,022,*73
$GPGSV,5,2,17,24,01,063,,25,07,140,,26,30,234,24,27,24,325,21*7F
$GPGSV,5,3,17,28,35,174,39,29,33,142,24,31,20,202,35,32,83,330,41*7E
$GPGSV,5,4,17,36,52,277,28,40,84,353,41,41,58,082,37,49,32,274,*77
$GPGSV,5,5,17,50,10,089,*4A
$GLGSV,3,1,09,69,38,358,19,70,51,253,10,71,14,217,,73,14,219,20*64
$GLGSV,3,2,09,80,13,166,28,82,25,115,22,83,41,055,21,84,15,359,*6E
$GLGSV,3,3,09,,,,32*6D
$GNGLL,0419.95714,S,05539.68580,E,111214.00,A,D*62
$GNRMC,111216.00,A,0419.95741,S,05539.68559,E,0.102,,260525,,,D*78
$GNVTG,,T,,M,0.102,N,0.188,K,D*3A
$GNGGA,111216.00,0419.95741,S,05539.68559,E,2,12,0.80,43.3,M,-47.6,M,,0000*40
$GNGSA,A,3,32,29,26,28,18,31,16,41,,,,,1.70,0.80,1.50*1B
$GNGSA,A,3,69,82,70,80,73,,,,,,,,1.70,0.80,1.50*18
$GPGSV,5,1,17,10,24,343,,16,24,266,22,18,28,056,15,23,08,022,*76
$GPGSV,5,2,17,24,01,063,,25,07,140,,26,30,234,27,27,24,325,22*7F
$GPGSV,5,3,17,28,35,174,39,29,33,142,24,31,20,202,34,32,83,330,42*7C
$GPGSV,5,4,17,36,52,277,29,40,84,353,42,41,58,082,34,49,32,274,*76
$GPGSV,5,5,17,50,10,089,*4A
$GLGSV,3,1,09,69,38,358,21,70,51,253,10,71,14,217,,73,14,219,18*64
$GLGSV,3,2,09,80,13,166,26,82,25,115,16,83,41,055,22,84,15,359,*64
$GLGSV,3,3,09,,,,31*6E
$GNGLL,0419.95741,S,05539.68559,E,111216.00,A,D*64
$GNRMC,111217.00,A,0419.95746,S,05539.68559,E,0.196,,260525,,,D*73
$GNVTG,,T,,M,0.196,N,0.363,K,D*30
$GNGGA,111217.00,0419.95746,S,05539.68559,E,2,12,0.80,43.5,M,-47.6,M,,0000*40
$GNGSA,A,3,32,29,26,28,18,31,16,41,,,,,1.70,0.80,1.50*1B
$GNGSA,A,3,69,82,70,80,73,,,,,,,,1.70,0.80,1.50*18
$GPGSV,5,1,17,10,24,343,,16,24,266,20,18,28,056,16,23,08,022,*77
$GPGSV,5,2,17,24,01,063,,25,07,140,,26,30,234,27,27,24,325,22*7F
$GPGSV,5,3,17,28,35,174,39,29,33,142,23,31,20,202,33,32,83,330,41*7F
$GPGSV,5,4,17,36,52,277,29,40,84,353,40,41,58,082,36,49,32,274,*76
$GPGSV,5,5,17,50,10,089,*4A
$GLGSV,3,1,09,69,38,358,21,70,51,253,16,71,14,217,,73,14,219,19*63
$GLGSV,3,2,09,80,13,166,25,82,25,115,17,83,41,055,23,84,15,359,*67
$GLGSV,3,3,09,,,,29*67
$GNGLL,0419.95746,S,05539.68559,E,111217.00,A,D*62
$GNRMC,111218.00,A,0419.95749,S,05539.68553,E,0.190,,260525,,,D*7F
$GNVTG,,T,,M,0.190,N,0.351,K,D*37
$GNGGA,111218.00,0419.95749,S,05539.68553,E,2,12,0.80,43.5,M,-47.6,M,,0000*4A
$GNGSA,A,3,32,29,26,28,18,31,16,41,,,,,1.70,0.80,1.50*1B
$GNGSA,A,3,69,82,70,80,73,,,,,,,,1.70,0.80,1.50*18
$GPGSV,5,1,17,10,24,343,,16,24,266,21,18,28,056,17,23,08,022,*77
$GPGSV,5,2,17,24,01,063,,25,07,140,,26,30,234,29,27,24,325,22*71
$GPGSV,5,3,17,28,35,174,41,29,33,142,23,31,20,202,34,32,83,330,43*75
$GPGSV,5,4,17,36,52,277,33,40,84,353,44,41,58,082,36,49,32,274,*79
$GPGSV,5,5,17,50,10,089,*4A
$GLGSV,3,1,09,69,38,358,20,70,51,253,10,71,14,217,,73,14,219,18*65
$GLGSV,3,2,09,80,13,166,23,82,25,115,17,83,41,055,22,84,15,359,*60
$GLGSV,3,3,09,,,,29*67
$GNGLL,0419.95749,S,05539.68553,E,111218.00,A,D*68
$GNRMC,111220.00,A,0419.95763,S,05539.68546,E,0.102,,260525,,,D*73
$GNVTG,,T,,M,0.102,N,0.190,K,D*33
$GNGGA,111220.00,0419.95763,S,05539.68546,E,2,12,0.80,43.8,M,-47.6,M,,0000*40
$GNGSA,A,3,32,29,26,28,18,31,16,41,,,,,1.70,0.80,1.50*1B
$GNGSA,A,3,69,82,70,80,73,,,,,,,,1.70,0.80,1.50*18
$GPGSV,5,1,17,10,24,343,,16,24,266,21,18,28,056,18,23,08,022,*78
$GPGSV,5,2,17,24,01,063,,25,07,140,,26,30,234,27,27,24,325,22*7F
$GPGSV,5,3,17,28,35,174,41,29,33,142,28,31,20,202,35,32,83,330,42*7E
$GPGSV,5,4,17,36,52,277,30,40,84,353,42,41,58,082,36,49,32,274,*7C
$GPGSV,5,5,17,50,10,089,*4A
$GLGSV,3,1,09,69,38,358,17,70,51,253,11,71,14,217,,73,14,219,17*6F
$GLGSV,3,2,09,80,13,166,21,82,25,115,17,83,41,055,24,84,15,359,*64
$GLGSV,3,3,09,,,,29*67
$GNGLL,0419.95763,S,05539.68546,E,111220.00,A,D*6F
$GNRMC,111221.00,A,0419.95771,S,05539.68538,E,0.134,,260525,,,D*7D
$GNVTG,,T,,M,0.134,N,0.248,K,D*30
$GNGGA,111221.00,0419.95771,S,05539.68538,E,2,12,0.80,44.0,M,-47.6,M,,0000*44
$GNGSA,A,3,32,29,26,28,18,31,16,41,,,,,1.70,0.80,1.50*1B
$GNGSA,A,3,69,82,70,80,73,,,,,,,,1.70,0.80,1.50*18
$GPGSV,5,1,17,10,24,343,,16,24,266,19,18,28,056,18,23,08,022,*73
$GPGSV,5,2,17,24,01,063,,25,07,140,,26,30,234,27,27,24,325,22*7F
$GPGSV,5,3,17,28,35,174,42,29,33,142,28,31,20,202,35,32,83,330,42*7D
$GPGSV,5,4,17,36,52,277,30,40,84,353,43,41,58,082,36,49,32,274,*7D
$GPGSV,5,5,17,50,10,089,*4A
$GLGSV,3,1,09,69,38,358,16,70,51,253,10,71,14,217,,73,14,219,17*6F
$GLGSV,3,2,09,80,13,166,21,82,25,115,19,83,41,055,22,84,15,359,*6C
$GLGSV,3,3,09,,,,29*67
$GNGLL,0419.95771,S,05539.68538,E,111221.00,A,D*64
$GNRMC,111223.00,A,0419.95772,S,05539.68529,E,0.103,,260525,,,D*78
$GNVTG,,T,,M,0.103,N,0.191,K,D*33
$GNGGA,111223.00,0419.95772,S,05539.68529,E,2,12,0.80,44.0,M,-47.6,M,,0000*45
$GNGSA,A,3,32,29,26,28,18,31,16,41,,,,,1.70,0.80,1.50*1B
$GNGSA,A,3,69,82,70,80,73,,,,,,,,1.70,0.80,1.50*18
$GPGSV,5,1,17,10,24,343,,16,24,266,19,18,28,056,17,23,08,022,*7C
$GPGSV,5,2,17,24,01,063,,25,07,140,,26,30,234,27,27,24,325,22*7F
$GPGSV,5,3,17,28,35,174,41,29,33,142,23,31,20,202,35,32,83,330,42*75
$GPGSV,5,4,17,36,52,277,31,40,84,353,42,41,58,082,36,49,32,274,*7D
$GPGSV,5,5,17,50,10,089,*4A
$GLGSV,3,1,09,69,38,358,18,70,51,253,11,71,14,217,,73,14,219,21*65
$GLGSV,3,2,09,80,13,166,24,82,25,115,19,83,41,055,24,84,15,359,*6F
$GLGSV,3,3,09,,,,30*6F
$GNGLL,0419.95772,S,05539.68529,E,111223.00,A,D*65
$GNRMC,111224.00,A,0419.95771,S,05539.68532,E,0.283,,260525,,,D*7D
$GNVTG,,T,,M,0.283,N,0.525,K,D*33
$GNGGA,111224.00,0419.95771,S,05539.68532,E,2,12,0.80,43.9,M,-47.6,M,,0000*45
$GNGSA,A,3,32,29,26,28,18,31,16,41,,,,,1.70,0.80,1.50*1B
$GNGSA,A,3,69,82,70,80,73,,,,,,,,1.70,0.80,1.50*18
$GPGSV,5,1,17,10,24,343,,16,24,266,20,18,28,056,16,23,08,022,*77
$GPGSV,5,2,17,24,01,063,,25,07,140,,26,30,234,26,27,24,325,23*7F
$GPGSV,5,3,17,28,35,174,42,29,33,142,25,31,20,202,36,32,83,330,43*72
$GPGSV,5,4,17,36,52,277,31,40,84,353,43,41,58,082,36,49,32,274,*7C
$GPGSV,5,5,17,50,10,089,*4A
$GLGSV,3,1,09,69,38,358,19,70,51,253,15,71,14,217,,73,14,219,21*60
$GLGSV,3,2,09,80,13,166,25,82,25,115,21,83,41,055,23,84,15,359,*62
$GLGSV,3,3,09,,,,33*6C
$GNGLL,0419.95771,S,05539.68532,E,111224.00,A,D*6B
$GNRMC,111228.00,A,0419.95725,S,05539.68555,E,0.223,,260525,,,D*7B
$GNVTG,,T,,M,0.223,N,0.413,K,D*3D
$GNGGA,111228.00,0419.95725,S,05539.68555,E,2,12,0.80,42.2,M,-47.6,M,,0000*43
$GNGSA,A,3,32,29,26,28,18,31,16,41,,,,,1.70,0.80,1.50*1B
$GNGSA,A,3,69,82,70,80,73,,,,,,,,1.70,0.80,1.50*18
$GPGSV,5,1,17,10,24,343,,16,24,266,20,18,28,056,17,23,08,022,*76
$GPGSV,5,2,17,24,01,063,,25,07,140,,26,30,234,29,27,24,325,19*79
$GPGSV,5,3,17,28,35,174,42,29,33,142,24,31,20,202,36,32,83,330,42*72
$GPGSV,5,4,17,36,52,277,30,40,84,353,43,41,58,082,39,49,32,274,*72
$GPGSV,5,5,17,50,10,089,*4A
$GLGSV,3,1,09,69,38,358,17,70,51,253,12,71,14,217,,73,14,219,22*6A
$GLGSV,3,2,09,80,13,166,24,82,25,115,18,83,41,055,22,84,15,359,*68
$GLGSV,3,3,09,,,,29*67
$GNGLL,0419.95725,S,05539.68555,E,111228.00,A,D*67
$GNRMC,111229.00,A,0419.95733,S,05539.68550,E,0.207,,260525,,,D*7E
$GNVTG,,T,,M,0.207,N,0.383,K,D*35
$GNGGA,111229.00,0419.95733,S,05539.68550,E,2,12,0.83,42.5,M,-47.6,M,,0000*44
$GNGSA,A,3,32,29,26,28,18,31,16,41,,,,,1.80,0.83,1.60*14
$GNGSA,A,3,69,82,70,80,73,,,,,,,,1.80,0.83,1.60*17
$GPGSV,5,1,17,10,24,343,,16,24,266,20,18,28,056,18,23,08,022,*79
$GPGSV,5,2,17,24,01,063,,25,07,140,,26,30,234,29,27,24,325,21*72
$GPGSV,5,3,17,28,35,174,40,29,33,142,25,31,20,202,38,32,83,330,43*7E
$GPGSV,5,4,17,36,52,277,28,40,84,353,44,41,58,082,39,49,32,274,*7C
$GPGSV,5,5,17,50,10,089,*4A
$GLGSV,3,1,09,69,38,358,16,70,51,253,10,71,14,217,,73,14,219,21*6A
$GLGSV,3,2,09,80,13,166,24,82,25,115,19,83,41,055,21,84,15,359,*6A
$GLGSV,3,3,09,,,,30*6F
$GNGLL,0419.95733,S,05539.68550,E,111229.00,A,D*64
$GNRMC,111230.00,A,0419.95735,S,05539.68550,E,0.109,,260525,,,D*7D
$GNVTG,,T,,M,0.109,N,0.201,K,D*33
$GNGGA,111230.00,0419.95735,S,05539.68550,E,2,12,0.80,42.6,M,-47.6,M,,0000*4A
$GNGSA,A,3,32,29,26,28,18,31,16,41,,,,,1.70,0.80,1.50*1B
$GNGSA,A,3,69,82,70,80,73,,,,,,,,1.70,0.80,1.50*18
$GPGSV,5,1,17,10,24,343,,16,24,266,23,18,28,056,18,23,08,022,*7A
$GPGSV,5,2,17,24,01,063,,25,07,140,,26,30,234,28,27,24,325,21*73
$GPGSV,5,3,17,28,35,174,40,29,33,142,24,31,20,202,33,32,83,330,41*76
$GPGSV,5,4,17,36,52,277,28,40,84,353,42,41,58,082,37,49,32,274,*74
$GPGSV,5,5,17,50,10,089,*4A
$GLGSV,3,1,09,69,38,358,20,70,51,253,08,71,14,217,,73,14,219,21*66
$GLGSV,3,2,09,80,13,166,24,82,25,115,18,83,41,055,22,84,15,359,*68
$GLGSV,3,3,09,,,,31*6E
$GNGLL,0419.95735,S,05539.68550,E,111230.00,A,D*6A
$GNRMC,111232.00,A,0419.95756,S,05539.68523,E,0.608,,260525,,,D*78
$GNVTG,,T,,M,0.608,N,1.126,K,D*32
$GNGGA,111232.00,0419.95756,S,05539.68523,E,2,12,0.83,43.2,M,-47.6,M,,0000*4F
$GNGSA,A,3,32,29,26,28,18,31,16,41,,,,,1.80,0.83,1.60*14
$GNGSA,A,3,69,82,70,80,73,,,,,,,,1.80,0.83,1.60*17
$GPGSV,5,1,17,10,24,343,21,16,24,266,21,18,28,056,17,23,08,022,*74
$GPGSV,5,2,17,24,01,063,,25,07,140,,26,30,234,31,27,24,325,22*78
$GPGSV,5,3,17,28,35,174,40,29,33,142,25,31,20,202,33,32,83,330,42*74
$GPGSV,5,4,17,36,52,277,27,40,84,353,42,41,58,082,38,49,32,274,*74
$GPGSV,5,5,17,50,10,089,*4A
$GLGSV,3,1,09,69,38,358,21,70,51,254,10,71,14,218,,73,14,219,20*67
$GLGSV,3,2,09,80,13,166,23,82,25,115,18,83,41,055,21,84,15,359,*6C
$GLGSV,3,3,09,,,,29*67
$GNGLL,0419.95756,S,05539.68523,E,111232.00,A,D*69
$GNRMC,111234.00,A,0419.95752,S,05539.68532,E,0.313,,260525,,,D*75
$GNVTG,,T,,M,0.313,N,0.580,K,D*34
$GNGGA,111234.00,0419.95752,S,05539.68532,E,2,12,0.93,43.0,M,-47.6,M,,0000*4E
$GNGSA,A,3,32,29,26,28,31,16,41,,,,,,1.90,0.93,1.66*1B
$GNGSA,A,3,69,82,70,80,73,,,,,,,,1.90,0.93,1.66*11
$GPGSV,5,1,17,10,24,343,,16,24,266,19,18,28,056,17,23,08,022,*7C
$GPGSV,5,2,17,24,01,063,,25,07,140,20,26,30,234,22,27,24,325,24*7E
$GPGSV,5,3,17,28,35,174,38,29,33,142,24,31,20,202,35,32,83,330,42*7C
$GPGSV,5,4,17,36,52,277,,40,84,353,43,41,58,082,37,49,32,274,*7F
$GPGSV,5,5,17,50,10,089,*4A
$GLGSV,3,1,09,69,38,358,21,70,51,254,14,71,14,218,,73,14,218,20*62
$GLGSV,3,2,09,80,13,166,21,82,25,115,15,83,41,055,22,84,15,359,*60
$GLGSV,3,3,09,,,,30*6F
$GNGLL,0419.95752,S,05539.68532,E,111234.00,A,D*6B
$GNRMC,111235.00,A,0419.95755,S,05539.68531,E,0.091,,260525,,,D*79
$GNVTG,,T,,M,0.091,N,0.169,K,D*3E
$GNGGA,111235.00,0419.95755,S,05539.68531,E,2,12,0.93,43.1,M,-47.6,M,,0000*4A
$GNGSA,A,3,32,29,26,28,31,16,41,,,,,,1.90,0.93,1.66*1B
$GNGSA,A,3,69,82,70,80,73,,,,,,,,1.90,0.93,1.66*11
$GPGSV,5,1,17,10,24,343,,16,24,266,18,18,28,056,21,23,08,022,*78
$GPGSV,5,2,17,24,01,063,,25,07,140,17,26,30,234,23,27,24,325,25*7A
$GPGSV,5,3,17,28,35,174,38,29,33,142,24,31,20,202,35,32,83,330,42*7C
$GPGSV,5,4,17,36,52,277,,40,84,353,43,41,58,082,39,49,32,274,*71
$GPGSV,5,5,17,50,10,089,*4A
$GLGSV,3,1,09,69,38,358,22,70,51,254,14,71,14,218,,73,14,218,21*60
$GLGSV,3,2,09,80,13,166,20,82,25,115,17,83,41,055,24,84,15,359,*65
$GLGSV,3,3,09,,,,29*67
$GNGLL,0419.95755,S,05539.68531,E,111235.00,A,D*6E
$GNRMC,111236.00,A,0419.95755,S,05539.68537,E,0.154,,260525,,,D*74
$GNVTG,,T,,M,0.154,N,0.285,K,D*37
$GNGGA,111236.00,0419.95755,S,05539.68537,E,2,12,0.93,43.0,M,-47.6,M,,0000*4E
$GNGSA,A,3,32,29,26,28,31,16,41,,,,,,1.90,0.93,1.66*1B
$GNGSA,A,3,69,82,70,80,73,,,,,,,,1.90,0.93,1.66*11
$GPGSV,5,1,17,10,24,343,,16,24,266,18,18,28,056,,23,08,022,*7B
$GPGSV,5,2,17,24,01,063,,25,07,140,16,26,30,234,26,27,24,325,25*7E
$GPGSV,5,3,17,28,35,174,39,29,33,142,23,31,20,202,37,32,83,330,42*78
$GPGSV,5,4,17,36,52,277,,40,84,353,41,41,58,082,39,49,32,274,*73
$GPGSV,5,5,17,50,10,089,*4A
$GLGSV,3,1,09,69,38,358,22,70,51,254,12,71,14,218,,73,14,218,22*65
$GLGSV,3,2,09,80,13,166,21,82,25,115,20,83,41,055,26,84,15,359,*62
$GLGSV,3,3,09,,,,33*6C
$GNGLL,0419.95755,S,05539.68537,E,111236.00,A,D*6B
$GNRMC,111237.00,A,0419.95764,S,05539.68535,E,0.065,,260525,,,D*76
$GNVTG,,T,,M,0.065,N,0.120,K,D*38
$GNGGA,111237.00,0419.95764,S,05539.68535,E,2,11,1.01,43.4,M,-47.6,M,,0000*42
$GNGSA,A,3,32,29,26,28,31,41,,,,,,,2.01,1.01,1.74*1E
$GNGSA,A,3,69,82,70,80,73,,,,,,,,2.01,1.01,1.74*13
$GPGSV,5,1,17,10,24,343,,16,24,266,17,18,28,056,,23,08,022,*74
$GPGSV,5,2,17,24,01,063,,25,07,140,13,26,30,234,27,27,24,325,24*7B
$GPGSV,5,3,17,28,35,174,39,29,33,142,29,31,20,202,34,32,83,330,42*71
$GPGSV,5,4,17,36,52,277,,40,84,353,44,41,58,082,38,49,32,274,*77
$GPGSV,5,5,17,50,10,089,*4A
$GLGSV,3,1,09,69,38,358,24,70,51,254,12,71,14,218,,73,14,218,22*63
$GLGSV,3,2,09,80,13,166,19,82,25,115,19,83,41,055,23,84,15,359,*66
$GLGSV,3,3,09,,,,33*6C
$GNGLL,0419.95764,S,05539.68535,E,111237.00,A,D*6A
$GNRMC,111239.00,A,0419.95781,S,05539.68529,E,0.159,,260525,,,D*70
$GNVTG,,T,,M,0.159,N,0.295,K,D*3B
$GNGGA,111239.00,0419.95781,S,05539.68529,E,2,12,0.90,43.9,M,-47.6,M,,0000*4D
$GNGSA,A,3,32,29,26,28,31,25,16,41,,,,,1.73,0.90,1.48*1E
$GNGSA,A,3,69,82,70,80,73,,,,,,,,1.73,0.90,1.48*13
$GPGSV,5,1,17,10,24,343,,16,24,266,19,18,28,056,,23,08,022,*7A
$GPGSV,5,2,17,24,01,063,,25,07,140,15,26,30,234,28,27,24,325,23*75
$GPGSV,5,3,17,28,35,174,39,29,33,142,22,31,20,202,36,32,83,330,41*7B
$GPGSV,5,4,17,36,52,277,,40,84,353,41,41,58,082,40,49,32,274,*7D
$GPGSV,5,5,17,50,10,089,*4A
$GLGSV,3,1,09,69,38,358,22,70,51,254,12,71,14,218,,73,14,218,21*66
$GLGSV,3,2,09,80,13,166,21,82,25,115,20,83,41,055,21,84,15,359,*65
$GLGSV,3,3,09,,,,27*69
$GNGLL,0419.95781,S,05539.68529,E,111239.00,A,D*62
$GNRMC,111241.00,A,0419.95763,S,05539.68551,E,0.221,,260525,,,D*70
$GNVTG,,T,,M,0.221,N,0.409,K,D*34
$GNGGA,111241.00,0419.95763,S,05539.68551,E,2,12,0.98,43.3,M,-47.6,M,,0000*43
$GNGSA,A,3,32,29,26,28,31,25,41,,,,,,1.85,0.98,1.57*16
$GNGSA,A,3,69,82,70,80,73,,,,,,,,1.85,0.98,1.57*1C
$GPGSV,5,1,17,10,24,343,,16,24,266,13,18,28,056,,23,08,022,*70
$GPGSV,5,2,17,24,01,063,,25,07,140,12,26,30,234,31,27,24,325,24*7D
$GPGSV,5,3,17,28,35,174,38,29,33,142,22,31,20,202,34,32,83,330,40*79
$GPGSV,5,4,17,36,52,277,,40,84,353,40,41,58,082,37,49,32,274,*7C
$GPGSV,5,5,17,50,10,089,*4A
$GLGSV,3,1,09,69,38,358,19,70,51,254,12,71,14,218,13,73,14,218,21*6C
$GLGSV,3,2,09,80,13,165,22,82,25,115,18,83,41,055,23,84,15,359,*6C
$GLGSV,3,3,09,,,,27*69
$GNGLL,0419.95763,S,05539.68551,E,111241.00,A,D*6E
$GNRMC,111242.00,A,0419.95768,S,05539.68551,E,0.191,,260525,,,D*70
$GNVTG,,T,,M,0.191,N,0.354,K,D*33
$GNGGA,111242.00,0419.95768,S,05539.68551,E,2,12,0.93,43.5,M,-47.6,M,,0000*46
$GNGSA,A,3,32,29,26,28,31,16,41,,,,,,1.90,0.93,1.66*1B
$GNGSA,A,3,69,82,70,80,73,,,,,,,,1.90,0.93,1.66*11
$GPGSV,5,1,17,10,24,343,,16,24,266,14,18,28,056,19,23,08,022,*7F
$GPGSV,5,2,17,24,01,063,,25,07,140,09,26,30,234,25,27,24,325,25*73
$GPGSV,5,3,17,28,35,174,38,29,33,142,23,31,20,202,35,32,83,330,40*79
$GPGSV,5,4,17,36,52,277,,40,84,353,40,41,58,082,36,49,32,274,*7D
$GPGSV,5,5,17,50,10,089,*4A
$GLGSV,3,1,09,69,38,358,20,70,51,254,15,71,14,218,17,73,14,218,21*65
$GLGSV,3,2,09,80,13,165,22,82,25,115,16,83,41,055,24,84,15,359,*65
$GLGSV,3,3,09,,,,28*66
$GNGLL,0419.95768,S,05539.68551,E,111242.00,A,D*66
$GNRMC,111245.00,A,0419.95717,S,05539.68587,E,0.122,,260525,,,D*7C
$GNVTG,,T,,M,0.122,N,0.227,K,D*3E
$GNGGA,111245.00,0419.95717,S,05539.68587,E,2,12,0.92,41.8,M,-47.6,M,,0000*4C
$GNGSA,A,3,32,29,26,28,31,16,41,,,,,,1.86,0.92,1.62*19
$GNGSA,A,3,69,82,70,80,73,71,,,,,,,1.86,0.92,1.62*15
$GPGSV,5,1,17,10,24,343,,16,24,266,13,18,28,056,17,23,08,022,*76
$GPGSV,5,2,17,24,01,063,,25,07,140,08,26,30,234,23,27,24,325,22*73
$GPGSV,5,3,17,28,35,174,38,29,33,142,26,31,20,202,35,32,83,330,42*7E
$GPGSV,5,4,17,36,52,277,,40,84,353,43,41,58,082,40,49,32,274,*7F
$GPGSV,5,5,17,50,10,089,*4A
$GLGSV,3,1,09,69,38,358,16,70,51,254,16,71,14,218,18,73,14,218,22*6F
$GLGSV,3,2,09,80,13,165,22,82,25,116,17,83,41,055,21,84,15,359,*62
$GLGSV,3,3,09,,,,29*67
$GNGLL,0419.95717,S,05539.68587,E,111245.00,A,D*62
$GNRMC,111246.00,A,0419.95716,S,05539.68593,E,0.172,,260525,,,D*7E
$GNVTG,,T,,M,0.172,N,0.319,K,D*37
$GNGGA,111246.00,0419.95716,S,05539.68593,E,2,12,0.78,41.8,M,-47.6,M,,0000*4F
$GNGSA,A,3,32,29,26,28,18,31,25,16,41,,,,1.56,0.78,1.35*1C
$GNGSA,A,3,69,82,70,80,73,71,,,,,,,1.56,0.78,1.35*1E
$GPGSV,5,1,17,10,24,343,,16,24,266,12,18,28,056,18,23,08,022,*78
$GPGSV,5,2,17,24,01,063,,25,07,140,11,26,30,234,24,27,24,325,23*7D
$GPGSV,5,3,17,28,35,174,36,29,33,142,26,31,20,202,32,32,83,330,40*75
$GPGSV,5,4,17,36,52,277,,40,84,353,40,41,58,082,39,49,32,274,*72
$GPGSV,5,5,17,50,10,089,*4A
$GLGSV,3,1,09,69,38,358,16,70,51,254,09,71,14,218,18,73,14,218,22*61
$GLGSV,3,2,09,80,13,165,22,82,25,116,19,83,41,055,24,84,15,359,*69
$GLGSV,3,3,09,,,,29*67
$GNGLL,0419.95716,S,05539.68593,E,111246.00,A,D*65
$GNRMC,111247.00,A,0419.95704,S,05539.68603,E,0.202,,260525,,,D*72
$GNVTG,,T,,M,0.202,N,0.374,K,D*38
$GNGGA,111247.00,0419.95704,S,05539.68603,E,2,12,0.85,41.4,M,-47.6,M,,0000*49
$GNGSA,A,3,32,29,26,28,18,31,25,41,,,,,1.64,0.85,1.40*1A
$GNGSA,A,3,69,82,70,80,73,71,,,,,,,1.64,0.85,1.40*1F
$GPGSV,5,1,17,10,24,343,,16,24,266,12,18,28,056,19,23,08,022,*79
$GPGSV,5,2,17,24,01,063,,25,07,140,12,26,30,234,28,27,24,325,23*72
$GPGSV,5,3,17,28,35,174,38,29,33,142,27,31,20,202,37,32,83,330,41*7E
$GPGSV,5,4,17,36,52,277,,40,84,353,41,41,58,082,39,49,32,274,*73
$GPGSV,5,5,17,50,10,089,*4A
$GLGSV,3,1,09,69,38,358,18,70,51,254,15,71,14,218,16,73,14,218,20*6E
$GLGSV,3,2,09,80,13,165,20,82,25,116,17,83,41,055,25,84,15,359,*64
$GLGSV,3,3,09,,,,28*66
$GNGLL,0419.95704,S,05539.68603,E,111247.00,A,D*6D
$GNRMC,111248.00,A,0419.95702,S,05539.68604,E,0.070,,260525,,,D*7B
$GNVTG,,T,,M,0.070,N,0.129,K,D*35
$GNGGA,111248.00,0419.95702,S,05539.68604,E,2,12,0.80,41.3,M,-47.6,M,,0000*45
$GNGSA,A,3,32,29,26,28,18,31,16,41,,,,,1.66,0.80,1.45*18
$GNGSA,A,3,69,82,70,80,73,71,,,,,,,1.66,0.80,1.45*1D
$GPGSV,5,1,17,10,24,343,,16,24,266,16,18,28,056,18,23,08,022,*7C
$GPGSV,5,2,17,24,01,063,,25,07,140,09,26,30,234,27,27,24,325,25*71
$GPGSV,5,3,17,28,35,174,39,29,33,142,13,31,20,202,33,32,83,330,42*7F
$GPGSV,5,4,17,36,52,277,,40,84,353,42,41,58,082,37,49,32,274,*7E
$GPGSV,5,5,17,50,10,089,*4A
$GLGSV,3,1,09,69,38,358,21,70,51,254,14,71,14,218,18,73,14,218,21*6A
$GLGSV,3,2,09,80,13,165,24,82,25,116,16,83,41,055,25,84,15,359,*61
$GLGSV,3,3,09,,,,28*66
$GNGLL,0419.95702,S,05539.68604,E,111248.00,A,D*63
$GNRMC,111249.00,A,0419.95693,S,05539.68613,E,0.231,,260525,,,D*72
$GNVTG,,T,,M,0.231,N,0.428,K,D*36
$GNGGA,111249.00,0419.95693,S,05539.68613,E,2,12,0.80,41.0,M,-47.6,M,,0000*48
$GNGSA,A,3,32,29,26,28,18,31,16,41,,,,,1.66,0.80,1.45*18
$GNGSA,A,3,69,82,70,80,73,71,,,,,,,1.66,0.80,1.45*1D
$GPGSV,5,1,17,10,24,343,,16,24,266,17,18,28,056,17,23,08,022,*72
$GPGSV,5,2,17,24,01,063,,25,07,140,10,26,30,234,28,27,24,325,22*71
$GPGSV,5,3,17,28,35,174,39,29,33,142,22,31,20,202,35,32,83,330,42*7B
$GPGSV,5,4,17,36,52,277,,40,84,353,43,41,58,082,41,49,32,274,*7E
$GPGSV,5,5,17,50,10,089,*4A
$GLGSV,3,1,09,69,38,358,20,70,51,254,13,71,14,218,17,73,14,218,21*63
$GLGSV,3,2,09,80,13,165,25,82,25,116,19,83,41,055,24,84,15,359,*6E
$GLGSV,3,3,09,,,,27*69
$GNGLL,0419.95693,S,05539.68613,E,111249.00,A,D*6D
$GNRMC,111250.00,A,0419.95683,S,05539.68622,E,0.122,,260525,,,D*78
$GNVTG,,T,,M,0.122,N,0.225,K,D*3C
$GNGGA,111250.00,0419.95683,S,05539.68622,E,2,12,0.80,40.7,M,-47.6,M,,0000*45
$GNGSA,A,3,32,29,26,28,18,31,16,41,,,,,1.66,0.80,1.45*18
$GNGSA,A,3,69,82,70,80,73,71,,,,,,,1.66,0.80,1.45*1D
$GPGSV,5,1,17,10,24,343,,16,24,266,18,18,28,056,17,23,08,022,*7D
$GPGSV,5,2,17,24,01,063,,25,07,140,,26,30,234,28,27,24,325,22*70
$GPGSV,5,3,17,28,35,174,39,29,33,142,25,31,20,202,37,32,83,330,42*7E
$GPGSV,5,4,17,36,52,277,,40,84,353,43,41,58,082,39,49,32,274,*71
$GPGSV,5,5,17,50,10,089,*4A
$GLGSV,3,1,09,69,38,358,19,70,51,254,11,71,14,218,16,73,14,218,20*6B
$GLGSV,3,2,09,80,13,165,24,82,25,116,18,83,41,055,25,84,15,359,*6F
$GLGSV,3,3,09,,,,32*6D
$GNGLL,0419.95683,S,05539.68622,E,111250.00,A,D*66
$GNRMC,111251.00,A,0419.95680,S,05539.68624,E,0.130,,260525,,,D*7F
$GNVTG,,T,,M,0.130,N,0.241,K,D*3D
$GNGGA,111251.00,0419.95680,S,05539.68624,E,2,12,0.80,40.7,M,-47.6,M,,0000*41
$GNGSA,A,3,32,29,26,28,18,31,16,41,,,,,1.66,0.80,1.45*18
$GNGSA,A,3,69,82,70,80,73,71,,,,,,,1.66,0.80,1.45*1D
$GPGSV,5,1,17,10,24,343,,16,24,266,18,18,28,056,17,23,08,022,*7D
$GPGSV,5,2,17,24,01,063,,25,07,140,,26,30,234,27,27,24,325,22*7F
$GPGSV,5,3,17,28,35,174,37,29,33,142,25,31,20,202,34,32,83,330,41*70
$GPGSV,5,4,17,36,52,277,,40,84,353,42,41,58,082,37,49,32,274,*7E
$GPGSV,5,5,17,50,10,089,*4A
$GLGSV,3,1,09,69,38,358,18,70,51,254,17,71,14,218,17,73,14,218,21*6C
$GLGSV,3,2,09,80,13,165,23,82,25,116,17,83,41,055,26,84,15,359,*64
$GLGSV,3,3,09,,,,30*6F
$GNGLL,0419.95680,S,05539.68624,E,111251.00,A,D*62
$GNRMC,111252.00,A,0419.95674,S,05539.68633,E,0.251,,260525,,,D*75
$GNVTG,,T,,M,0.251,N,0.465,K,D*39
$GNGGA,111252.00,0419.95674,S,05539.68633,E,2,12,0.80,40.5,M,-47.6,M,,0000*4D
$GNGSA,A,3,32,29,26,28,18,31,16,41,,,,,1.66,0.80,1.45*18
$GNGSA,A,3,69,82,70,80,73,71,,,,,,,1.66,0.80,1.45*1D
$GPGSV,5,1,17,10,24,343,,16,24,266,18,18,28,056,17,23,08,022,*7D
$GPGSV,5,2,17,24,01,063,,25,07,140,,26,30,234,26,27,24,325,23*7F
$GPGSV,5,3,17,28,35,174,37,29,33,142,27,31,20,202,35,32,83,330,41*73
$GPGSV,5,4,17,36,52,277,,40,84,353,41,41,58,082,38,49,32,274,*72
$GPGSV,5,5,17,50,10,089,*4A
$GLGSV,3,1,09,69,38,358,19,70,51,254,17,71,14,218,18,73,14,218,21*62
$GLGSV,3,2,09,80,13,165,24,82,25,116,20,83,41,055,24,84,15,359,*65
$GLGSV,3,3,09,,,,29*67
$GNGLL,0419.95674,S,05539.68633,E,111252.00,A,D*6C
$GNRMC,111253.00,A,0419.95669,S,05539.68636,E,0.124,,260525,,,D*7C
$GNVTG,,T,,M,0.124,N,0.230,K,D*3E
$GNGGA,111253.00,0419.95669,S,05539.68636,E,2,12,0.82,40.3,M,-47.6,M,,0000*41
$GNGSA,A,3,32,29,26,28,18,31,16,41,,,,,1.77,0.82,1.57*19
$GNGSA,A,3,69,82,80,73,71,,,,,,,,1.77,0.82,1.57*1B
$GPGSV,5,1,17,10,24,343,,16,24,266,20,18,28,056,15,23,08,022,*74
$GPGSV,5,2,17,24,01,063,,25,07,140,,26,30,234,26,27,24,325,23*7F
$GPGSV,5,3,17,28,35,174,39,29,33,142,27,31,20,202,35,32,83,330,43*7F
$GPGSV,5,4,17,36,52,277,,40,84,353,43,41,58,082,38,49,32,274,*70
$GPGSV,5,5,17,50,10,089,*4A
$GLGSV,3,1,09,69,38,358,21,70,51,254,05,71,14,218,18,73,14,218,22*69
$GLGSV,3,2,09,80,13,165,24,82,25,116,19,83,41,055,22,84,15,359,*69
$GLGSV,3,3,09,,,,27*69
$GNGLL,0419.95669,S,05539.68636,E,111253.00,A,D*64
$GNRMC,111254.00,A,0419.95664,S,05539.68634,E,0.106,,260525,,,D*74
$GNVTG,,T,,M,0.106,N,0.196,K,D*31
$GNGGA,111254.00,0419.95664,S,05539.68634,E,2,12,0.82,40.2,M,-47.6,M,,0000*48
$GNGSA,A,3,32,29,26,28,18,31,16,41,,,,,1.77,0.82,1.57*19
$GNGSA,A,3,69,82,80,73,71,,,,,,,,1.77,0.82,1.57*1B
$GPGSV,5,1,17,10,24,343,,16,24,266,20,18,28,056,17,23,08,022,*76
$GPGSV,5,2,17,24,01,063,,25,07,140,16,26,30,234,28,27,24,325,23*76
$GPGSV,5,3,17,28,35,174,38,29,33,142,29,31,20,202,35,32,83,330,42*71
$GPGSV,5,4,17,36,52,277,,40,84,353,42,41,58,082,38,49,32,274,*71
$GPGSV,5,5,17,50,10,089,*4A
$GLGSV,3,1,09,69,38,358,21,70,51,254,07,71,14,218,18,73,14,218,23*6A
$GLGSV,3,2,09,80,13,165,24,82,25,116,21,83,41,055,20,84,15,359,*60
$GLGSV,3,3,09,,,,27*69
$GNGLL,0419.95664,S,05539.68634,E,111254.00,A,D*6C
$GNRMC,111255.00,A,0419.95648,S,05539.68637,E,0.238,,260525,,,D*76
$GNVTG,,T,,M,0.238,N,0.441,K,D*30
$GNGGA,111255.00,0419.95648,S,05539.68637,E,2,12,0.82,39.7,M,-47.6,M,,0000*4F
$GNGSA,A,3,32,29,26,28,18,31,16,41,,,,,1.77,0.82,1.57*19
$GNGSA,A,3,69,82,80,73,71,,,,,,,,1.77,0.82,1.57*1B
$GPGSV,5,1,17,10,24,343,,16,24,266,19,18,28,056,17,23,08,022,*7C
$GPGSV,5,2,17,24,01,063,,25,07,140,14,26,30,234,28,27,24,325,24*73
$GPGSV,5,3,17,28,35,174,40,29,33,142,28,31,20,202,35,32,83,330,42*7F
$GPGSV,5,4,17,36,52,277,,40,84,353,42,41,58,082,38,49,32,274,*71
$GPGSV,5,5,17,50,10,089,*4A
$GLGSV,3,1,09,69,38,358,20,70,51,254,09,71,14,218,16,73,14,218,22*6A
$GLGSV,3,2,09,80,13,165,23,82,25,116,18,83,41,055,22,84,15,359,*6F
$GLGSV,3,3,09,,,,27*69
$GNGLL,0419.95648,S,05539.68637,E,111255.00,A,D*60
$GNRMC,111257.00,A,0419.95666,S,05539.68644,E,0.314,,260525,,,D*73
$GNVTG,,T,,M,0.314,N,0.582,K,D*31
$GNGGA,111257.00,0419.95666,S,05539.68644,E,2,12,0.80,40.4,M,-47.6,M,,0000*4A
$GNGSA,A,3,32,29,26,28,18,31,16,41,,,,,1.66,0.80,1.46*1B
$GNGSA,A,3,69,82,70,80,73,71,,,,,,,1.66,0.80,1.46*1E
$GPGSV,5,1,17,10,24,343,,16,24,266,15,18,28,056,18,23,08,022,*7F
$GPGSV,5,2,17,24,01,063,,25,07,140,12,26,30,234,26,27,24,325,24*7B
$GPGSV,5,3,17,28,35,174,40,29,33,142,26,31,20,202,35,32,83,330,43*70
$GPGSV,5,4,17,36,52,277,,40,84,353,42,41,58,082,40,49,32,274,*7E
$GPGSV,5,5,17,50,10,089,*4A
$GLGSV,3,1,09,69,38,358,20,70,51,254,16,71,14,218,18,73,14,218,23*6B
$GLGSV,3,2,09,80,13,165,26,82,25,116,22,83,41,055,24,84,15,359,*65
$GLGSV,3,3,09,,,,28*66
$GNGLL,0419.95666,S,05539.68644,E,111257.00,A,D*6A
$GNRMC,111259.00,A,0419.95665,S,05539.68644,E,0.129,,260525,,,D*72
$GNVTG,,T,,M,0.129,N,0.240,K,D*34
$GNGGA,111259.00,0419.95665,S,05539.68644,E,2,12,0.92,40.3,M,-47.6,M,,0000*43
$GNGSA,A,3,32,29,26,28,31,16,41,,,,,,1.86,0.92,1.62*19
$GNGSA,A,3,69,82,70,80,73,71,,,,,,,1.86,0.92,1.62*15
$GPGSV,5,1,17,10,24,344,,16,24,266,10,18,28,056,,23,08,022,*74
$GPGSV,5,2,17,24,01,063,,25,07,140,08,26,30,234,31,27,24,325,22*70
$GPGSV,5,3,17,28,35,174,36,29,33,142,26,31,20,202,35,32,83,330,42*70
$GPGSV,5,4,17,36,52,277,,40,84,353,42,41,58,082,41,49,32,274,*7F
$GPGSV,5,5,17,50,10,089,*4A
$GLGSV,3,1,09,69,38,358,18,70,51,254,13,71,14,218,18,73,14,218,21*67
$GLGSV,3,2,09,80,13,165,24,82,25,116,19,83,41,055,24,84,15,359,*6F
$GLGSV,3,3,09,,,,30*6F
$GNGLL,0419.95665,S,05539.68644,E,111259.00,A,D*67
$GNRMC,111301.00,A,0419.95664,S,05539.68649,E,0.166,,260525,,,D*79
$GNVTG,,T,,M,0.166,N,0.308,K,D*32
$GNGGA,111301.00,0419.95664,S,05539.68649,E,2,12,0.96,40.3,M,-47.6,M,,0000*47
$GNGSA,A,3,32,29,26,28,31,16,41,,,,,,2.02,0.96,1.77*16
$GNGSA,A,3,69,82,80,73,71,,,,,,,,2.02,0.96,1.77*1D
$GPGSV,5,1,17,10,24,344,,16,24,266,14,18,28,056,22,23,08,022,*70
$GPGSV,5,2,17,24,01,063,,25,07,140,08,26,30,234,26,27,24,325,23*77
$GPGSV,5,3,17,28,35,174,30,29,33,142,23,31,20,202,33,32,83,330,42*75
$GPGSV,5,4,17,36,52,277,,40,84,353,41,41,58,082,34,49,32,274,*7E
$GPGSV,5,5,17,50,10,089,*4A
$GLGSV,3,1,09,69,38,358,17,70,51,254,10,71,14,218,17,73,14,218,20*65
$GLGSV,3,2,09,80,13,165,22,82,25,116,18,83,41,055,23,84,15,359,*6F
$GLGSV,3,3,09,,,,21*6F
$GNGLL,0419.95664,S,05539.68649,E,111301.00,A,D*67
$GNRMC,111302.00,A,0419.95658,S,05539.68652,E,0.168,,260525,,,D*71
$GNVTG,,T,,M,0.168,N,0.312,K,D*37
$GNGGA,111302.00,0419.95658,S,05539.68652,E,2,10,0.98,40.1,M,-47.6,M,,0000*4F
$GNGSA,A,3,32,29,26,28,31,16,41,,,,,,2.10,0.98,1.85*16
$GNGSA,A,3,69,82,80,,,,,,,,,,2.10,0.98,1.85*1F
$GPGSV,5,1,17,10,24,344,,16,24,266,18,18,28,056,21,23,08,022,*7F
$GPGSV,5,2,17,24,01,063,,25,07,140,08,26,30,234,27,27,24,325,23*76
$GPGSV,5,3,17,28,35,174,33,29,33,142,21,31,20,202,33,32,83,330,43*75
$GPGSV,5,4,17,36,52,277,,40,84,353,43,41,58,082,36,49,32,274,*7E
$GPGSV,5,5,17,50,10,089,*4A
$GLGSV,3,1,09,69,38,358,17,70,51,254,09,71,14,218,,73,14,218,*69
$GLGSV,3,2,09,80,13,165,22,82,25,116,17,83,41,055,22,84,15,359,*61
$GLGSV,3,3,09,,,,31*6E
$GNGLL,0419.95658,S,05539.68652,E,111302.00,A,D*61
$GNRMC,111303.00,A,0419.95683,S,05539.68607,E,1.380,195.81,260525,,,D*69
$GNVTG,195.81,T,,M,1.380,N,2.556,K,D*2C
$GNGGA,111303.00,0419.95683,S,05539.68607,E,2,10,0.98,40.9,M,-47.6,M,,0000*40
$GNGSA,A,3,32,29,26,28,31,16,41,,,,,,2.10,0.98,1.85*16
$GNGSA,A,3,69,82,80,,,,,,,,,,2.10,0.98,1.85*1F
$GPGSV,5,1,17,10,24,344,,16,24,266,19,18,28,056,18,23,08,022,*74
$GPGSV,5,2,17,24,01,063,,25,07,140,08,26,30,234,26,27,24,325,23*77
$GPGSV,5,3,17,28,35,174,32,29,33,142,21,31,20,202,33,32,83,330,42*75
$GPGSV,5,4,17,36,52,277,,40,84,353,42,41,58,082,36,49,32,274,*7F
$GPGSV,5,5,17,50,10,089,*4A
$GLGSV,3,1,09,69,38,358,17,70,51,254,09,71,14,218,,73,14,218,19*61
$GLGSV,3,2,09,80,13,165,22,82,25,116,15,83,41,055,21,84,15,359,*60
$GLGSV,3,3,09,,,,30*6F
$GNGLL,0419.95683,S,05539.68607,E,111303.00,A,D*66
$GNRMC,111304.00,A,0419.95689,S,05539.68588,E,0.351,,260525,,,D*77
$GNVTG,,T,,M,0.351,N,0.650,K,D*3C
$GNGGA,111304.00,0419.95689,S,05539.68588,E,2,11,0.94,41.1,M,-47.6,M,,0000*4D
$GNGSA,A,3,32,29,26,28,31,16,41,,,,,,1.97,0.94,1.72*1E
$GNGSA,A,3,69,82,70,80,,,,,,,,,1.97,0.94,1.72*10
$GPGSV,5,1,17,10,24,344,,16,24,266,20,18,28,056,16,23,08,022,*70
$GPGSV,5,2,17,24,01,063,,25,07,140,08,26,30,234,25,27,24,325,21*76
$GPGSV,5,3,17,28,35,174,33,29,33,142,23,31,20,202,31,32,83,330,42*74
$GPGSV,5,4,17,36,52,277,,40,84,353,43,41,58,082,33,49,32,274,*7B
$GPGSV,5,5,17,50,10,089,*4A
$GLGSV,3,1,09,69,38,358,18,70,51,254,14,71,14,218,,73,14,218,17*6C
$GLGSV,3,2,09,80,13,165,23,82,25,116,18,83,41,055,21,84,15,359,*6C
$GLGSV,3,3,09,,,,30*6F
$GNGLL,0419.95689,S,05539.68588,E,111304.00,A,D*6F
$GNRMC,111305.00,A,0419.95662,S,05539.68607,E,0.629,,260525,,,D*7D
$GNVTG,,T,,M,0.629,N,1.164,K,D*37
$GNGGA,111305.00,0419.95662,S,05539.68607,E,2,12,0.82,40.2,M,-47.6,M,,0000*4B
$GNGSA,A,3,32,29,26,28,18,31,16,41,,,,,1.78,0.82,1.58*19
$GNGSA,A,3,69,82,70,80,,,,,,,,,1.78,0.82,1.58*1E
$GPGSV,5,1,17,10,24,344,,16,24,265,17,18,28,056,14,23,08,022,*75
$GPGSV,5,2,17,24,01,063,,25,07,140,,26,30,234,24,27,24,325,19*74
$GPGSV,5,3,17,28,35,174,31,29,33,142,24,31,20,202,29,32,83,330,40*7A
$GPGSV,5,4,17,36,52,277,,40,84,353,40,41,58,082,32,49,32,274,*79
$GPGSV,5,5,17,50,10,089,*4A
$GLGSV,3,1,09,69,38,358,20,70,51,254,16,71,14,218,,73,14,218,17*65
$GLGSV,3,2,09,80,13,165,22,82,25,116,18,83,41,055,21,84,15,359,*6D
$GLGSV,3,3,09,,,,29*67
$GNGLL,0419.95662,S,05539.68607,E,111305.00,A,D*6F
$GNRMC,111306.00,A,0419.95679,S,05539.68580,E,0.610,,260525,,,D*72
$GNVTG,,T,,M,0.610,N,1.129,K,D*34
$GNGGA,111306.00,0419.95679,S,05539.68580,E,2,12,0.82,40.8,M,-47.6,M,,0000*44
$GNGSA,A,3,32,29,26,28,18,31,16,41,,,,,1.78,0.82,1.58*19
$GNGSA,A,3,69,82,70,80,,,,,,,,,1.78,0.82,1.58*1E
$GPGSV,5,1,17,10,24,344,,16,24,265,18,18,28,056,15,23,08,022,*7B
$GPGSV,5,2,17,24,01,063,,25,07,140,,26,30,234,22,27,24,325,19*72
$GPGSV,5,3,17,28,35,174,31,29,33,142,24,31,20,202,31,32,83,330,40*73
$GPGSV,5,4,17,36,52,277,,40,84,353,42,41,58,082,34,49,32,274,*7D
$GPGSV,5,5,17,50,10,089,*4A
$GLGSV,3,1,09,69,38,358,19,70,51,254,10,71,14,218,,73,14,218,16*68
$GLGSV,3,2,09,80,13,165,22,82,25,116,18,83,41,055,23,84,15,359,*6F
$GLGSV,3,3,09,,,,29*67
$GNGLL,0419.95679,S,05539.68580,E,111306.00,A,D*6A
$GNRMC,111307.00,A,0419.95675,S,05539.68570,E,0.218,,260525,,,D*7C
$GNVTG,,T,,M,0.218,N,0.404,K,D*33
$GNGGA,111307.00,0419.95675,S,05539.68570,E,2,12,0.80,40.7,M,-47.6,M,,0000*4B
$GNGSA,A,3,32,29,26,28,18,31,16,41,,,,,1.70,0.80,1.50*1B
$GNGSA,A,3,69,82,70,80,73,,,,,,,,1.70,0.80,1.50*18
$GPGSV,5,1,17,10,24,344,,16,24,265,16,18,29,057,16,23,08,022,*76
$GPGSV,5,2,17,24,01,063,,25,07,140,,26,30,234,25,27,24,325,21*7E
$GPGSV,5,3,17,28,35,174,37,29,33,142,31,31,20,202,35,32,83,330,45*70
$GPGSV,5,4,17,36,52,277,,40,84,353,45,41,58,082,36,49,32,274,*78
$GPGSV,5,5,17,50,10,089,*4A
$GLGSV,3,1,09,69,38,358,19,70,51,254,11,71,14,218,,73,14,218,19*66
$GLGSV,3,2,09,80,13,165,23,82,25,116,16,83,41,055,22,84,15,359,*61
$GLGSV,3,3,09,,,,29*67
$GNGLL,0419.95675,S,05539.68570,E,111307.00,A,D*68
$GNRMC,111308.00,A,0419.95682,S,05539.68562,E,0.054,,260525,,,D*72
$GNVTG,,T,,M,0.054,N,0.100,K,D*38
$GNGGA,111308.00,0419.95682,S,05539.68562,E,2,12,0.80,40.9,M,-47.6,M,,0000*41
$GNGSA,A,3,32,29,26,28,18,31,16,41,,,,,1.70,0.80,1.50*1B
$GNGSA,A,3,69,82,70,80,73,,,,,,,,1.70,0.80,1.50*18
$GPGSV,5,1,17,10,24,344,,16,24,265,15,18,29,057,17,23,08,022,*74
$GPGSV,5,2,17,24,01,063,,25,07,140,,26,30,234,26,27,24,325,21*7D
$GPGSV,5,3,17,28,35,174,34,29,33,142,30,31,20,202,34,32,83,330,41*77
$GPGSV,5,4,17,36,52,277,,40,84,353,42,41,58,082,33,49,32,274,*7A
$GPGSV,5,5,17,50,10,089,*4A
$GLGSV,3,1,09,69,38,358,18,70,51,254,11,71,14,218,05,73,14,218,19*62
$GLGSV,3,2,09,80,13,165,23,82,25,116,15,83,41,055,21,84,15,359,*61
$GLGSV,3,3,09,,,,31*6E
$GNGLL,0419.95682,S,05539.68562,E,111308.00,A,D*6C
$GNRMC,111309.00,A,0419.95691,S,05539.68559,E,0.015,,260525,,,D*7C
$GNVTG,,T,,M,0.015,N,0.028,K,D*36
$GNGGA,111309.00,0419.95691,S,05539.68559,E,2,12,0.80,41.1,M,-47.6,M,,0000*43
$GNGSA,A,3,32,29,26,28,18,31,16,41,,,,,1.70,0.80,1.50*1B
$GNGSA,A,3,69,82,70,80,73,,,,,,,,1.70,0.80,1.50*18
$GPGSV,5,1,17,10,24,344,,16,24,265,17,18,29,057,18,23,08,022,*79
$GPGSV,5,2,17,24,01,063,,25,07,140,,26,30,234,28,27,24,325,21*73
$GPGSV,5,3,17,28,35,174,32,29,33,142,28,31,20,202,34,32,83,330,41*78
$GPGSV,5,4,17,36,52,277,,40,84,353,43,41,58,082,35,49,32,274,*7D
$GPGSV,5,5,17,50,10,089,*4A
$GLGSV,3,1,09,69,38,358,19,70,51,254,11,71,14,218,,73,14,218,17*68
$GLGSV,3,2,09,80,13,165,23,82,25,116,14,83,41,055,22,84,15,359,*63
$GLGSV,3,3,09,,,,30*6F
$GNGLL,0419.95691,S,05539.68559,E,111309.00,A,D*67
$GNRMC,111310.00,A,0419.95693,S,05539.68553,E,0.088,,260525,,,D*78
$GNVTG,,T,,M,0.088,N,0.163,K,D*3C
$GNGGA,111310.00,0419.95693,S,05539.68553,E,2,12,0.80,41.2,M,-47.6,M,,0000*40
$GNGSA,A,3,32,29,26,28,18,31,16,41,,,,,1.70,0.80,1.50*1B
$GNGSA,A,3,69,82,70,80,73,,,,,,,,1.70,0.80,1.50*18
$GPGSV,5,1,17,10,24,344,,16,24,265,17,18,29,057,19,23,08,022,*78
$GPGSV,5,2,17,24,01,063,,25,07,140,,26,30,234,27,27,24,325,21*7C
$GPGSV,5,3,17,28,35,174,35,29,33,142,27,31,20,202,33,32,83,330,42*74
$GPGSV,5,4,17,36,52,277,,40,84,353,40,41,58,082,36,49,32,274,*7D
$GPGSV,5,5,17,50,10,089,*4A
$GLGSV,3,1,09,69,38,358,19,70,51,254,11,71,14,218,24,73,14,218,19*60
$GLGSV,3,2,09,80,13,165,25,82,25,116,15,83,41,055,23,84,15,359,*65
$GLGSV,3,3,09,,,,30*6F
$GNGLL,0419.95693,S,05539.68553,E,111310.00,A,D*67
$GNRMC,111311.00,A,0419.95687,S,05539.68557,E,0.256,,260525,,,D*79
$GNVTG,,T,,M,0.256,N,0.475,K,D*3F
$GNGGA,111311.00,0419.95687,S,05539.68557,E,2,12,0.80,41.1,M,-47.6,M,,0000*43
$GNGSA,A,3,32,29,26,28,18,31,16,41,,,,,1.70,0.80,1.50*1B
$GNGSA,A,3,69,82,70,80,73,,,,,,,,1.70,0.80,1.50*18
$GPGSV,5,1,17,10,24,344,,16,24,265,18,18,29,057,18,23,08,023,*77
$GPGSV,5,2,17,24,01,063,,25,07,140,,26,30,234,27,27,24,325,20*7D
$GPGSV,5,3,17,28,35,174,37,29,33,142,24,31,20,202,33,32,83,330,43*74
$GPGSV,5,4,17,36,52,277,,40,84,353,43,41,58,082,40,49,32,274,*7F
$GPGSV,5,5,17,50,10,089,*4A
$GLGSV,3,1,09,69,38,358,19,70,51,254,10,71,14,218,22,73,14,218,20*6D
$GLGSV,3,2,09,80,13,165,24,82,25,116,17,83,41,055,23,84,15,359,*66
$GLGSV,3,3,09,,,,29*67
$GNGLL,0419.95687,S,05539.68557,E,111311.00,A,D*67
$GNRMC,111312.00,A,0419.95690,S,05539.68566,E,0.527,,260525,,,D*7F
$GNVTG,,T,,M,0.527,N,0.975,K,D*33
$GNGGA,111312.00,0419.95690,S,05539.68566,E,2,12,0.80,41.3,M,-47.6,M,,0000*46
$GNGSA,A,3,32,29,26,28,18,31,16,41,,,,,1.70,0.80,1.50*1B
$GNGSA,A,3,69,82,70,80,73,,,,,,,,1.70,0.80,1.50*18
$GPGSV,5,1,17,10,24,344,,16,24,265,19,18,29,057,17,23,08,023,*79
$GPGSV,5,2,17,24,00,062,,25,07,140,,26,30,234,25,27,24,325,22*7D
$GPGSV,5,3,17,28,35,174,41,29,33,142,20,31,20,202,34,32,83,330,41*74
$GPGSV,5,4,17,36,52,277,,40,84,353,42,41,58,082,38,49,32,274,*71
$GPGSV,5,5,17,50,10,089,*4A
$GLGSV,3,1,09,69,38,358,20,70,51,254,11,71,14,218,21,73,14,218,21*64
$GLGSV,3,2,09,80,13,165,26,82,25,116,20,83,41,055,24,84,15,359,*67
$GLGSV,3,3,09,,,,33*6C
$GNGLL,0419.95690,S,05539.68566,E,111312.00,A,D*60
$GNRMC,111313.00,A,0419.95707,S,05539.68565,E,0.208,,260525,,,D*78
$GNVTG,,T,,M,0.208,N,0.385,K,D*3C
$GNGGA,111313.00,0419.95707,S,05539.68565,E,2,12,0.80,41.8,M,-47.6,M,,0000*40
$GNGSA,A,3,32,29,26,28,18,31,16,41,,,,,1.66,0.80,1.46*1B
$GNGSA,A,3,69,82,70,80,73,71,,,,,,,1.66,0.80,1.46*1E
$GPGSV,5,1,17,10,24,344,,16,24,265,19,18,29,057,16,23,08,023,*78
$GPGSV,5,2,17,24,00,062,,25,07,140,,26,30,234,27,27,24,325,23*7E
$GPGSV,5,3,17,28,35,174,37,29,33,142,22,31,20,202,33,32,83,330,42*73
$GPGSV,5,4,17,36,52,277,,40,84,353,40,41,58,082,38,49,32,274,*73
$GPGSV,5,5,17,50,10,089,*4A
$GLGSV,3,1,09,69,38,358,20,70,51,254,11,71,14,218,20,73,14,218,21*65
$GLGSV,3,2,09,80,13,165,26,82,25,116,21,83,41,055,23,84,15,359,*61
$GLGSV,3,3,09,,,,31*6E
$GNGLL,0419.95707,S,05539.68565,E,111313.00,A,D*6D
$GNRMC,111314.00,A,0419.95721,S,05539.68560,E,0.187,,260525,,,D*7A
$GNVTG,,T,,M,0.187,N,0.347,K,D*36
$GNGGA,111314.00,0419.95721,S,05539.68560,E,2,12,0.92,42.4,M,-47.6,M,,0000*4A
$GNGSA,A,3,32,29,26,28,31,16,41,,,,,,1.86,0.92,1.62*19
$GNGSA,A,3,69,82,70,80,73,71,,,,,,,1.86,0.92,1.62*15
$GPGSV,5,1,17,10,24,344,,16,24,265,19,18,29,057,,23,08,023,*7F
$GPGSV,5,2,17,24,00,062,,25,07,140,,26,30,234,27,27,24,325,21*7C
$GPGSV,5,3,17,28,35,174,38,29,33,142,22,31,20,202,33,32,83,330,42*7C
$GPGSV,5,4,17,36,52,277,,40,84,353,42,41,58,082,41,49,32,274,*7F
$GPGSV,5,5,17,50,10,089,*4A
$GLGSV,3,1,09,69,38,358,18,70,51,254,08,71,14,218,19,73,14,218,19*67
$GLGSV,3,2,09,80,13,165,26,82,25,116,20,83,41,055,24,84,15,359,*67
$GLGSV,3,3,09,,,,31*6E
$GNGLL,0419.95721,S,05539.68560,E,111314.00,A,D*6B
$GNRMC,111315.00,A,0419.95731,S,05539.68556,E,0.266,,260525,,,D*73
$GNVTG,,T,,M,0.266,N,0.492,K,D*35
$GNGGA,111315.00,0419.95731,S,05539.68556,E,2,12,0.92,42.7,M,-47.6,M,,0000*4C
$GNGSA,A,3,32,29,26,28,31,16,41,,,,,,1.86,0.92,1.62*19
$GNGSA,A,3,69,82,70,80,73,71,,,,,,,1.86,0.92,1.62*15
$GPGSV,5,1,17,10,24,344,,16,24,265,19,18,29,057,,23,08,023,*7F
$GPGSV,5,2,17,24,00,062,,25,07,140,,26,30,234,27,27,25,324,23*7E
$GPGSV,5,3,17,28,35,174,36,29,33,142,23,31,20,202,34,32,83,330,44*72
$GPGSV,5,4,17,36,52,277,,40,84,353,44,41,58,082,32,49,32,274,*7D
$GPGSV,5,5,17,50,10,089,*4A
$GLGSV,3,1,09,69,38,358,16,70,51,254,14,71,14,218,17,73,14,218,17*64
$GLGSV,3,2,09,80,13,165,26,82,25,116,17,83,41,055,24,84,15,359,*63
$GLGSV,3,3,09,,,,29*67
$GNGLL,0419.95731,S,05539.68556,E,111315.00,A,D*6E
$GNRMC,111316.00,A,0419.95734,S,05539.68557,E,0.368,,260525,,,D*7B
$GNVTG,,T,,M,0.368,N,0.682,K,D*39
$GNGGA,111316.00,0419.95734,S,05539.68557,E,2,12,0.92,42.7,M,-47.6,M,,0000*4B
$GNGSA,A,3,32,29,26,28,31,16,41,,,,,,1.86,0.92,1.62*19
$GNGSA,A,3,69,82,70,80,73,71,,,,,,,1.86,0.92,1.62*15
$GPGSV,5,1,17,10,24,344,,16,24,265,16,18,29,057,,23,08,023,*70
$GNRMC,111319.00,A,0419.95767,S,05539.68536,E,0.134,,260525,,,D*7E
$GNVTG,,T,,M,0.134,N,0.247,K,D*3F
$GNGGA,111319.00,0419.95767,S,05539.68536,E,2,12,0.99,44.0,M,-47.6,M,,0000*4F
$GNGSA,A,3,32,29,26,28,31,41,,,,,,,1.94,0.99,1.67*13
$GNGSA,A,3,69,82,70,80,73,71,,,,,,,1.94,0.99,1.67*18
$GPGSV,5,1,17,10,24,344,,16,24,265,14,18,29,057,,23,08,023,*72
$GPGSV,5,2,17,24,00,062,,25,07,140,07,26,30,234,29,27,25,324,18*7F
$GPGSV,5,3,17,28,35,174,36,29,32,142,19,31,21,201,34,32,83,330,43*7F
$GPGSV,5,4,17,36,52,277,,40,84,353,43,41,58,082,40,49,32,274,*7F
$GPGSV,5,5,17,50,10,089,*4A
$GNRMC,111320.00,A,0419.95768,S,05539.68532,E,0.253,,260525,,,D*7D
$GNVTG,,T,,M,0.253,N,0.468,K,D*36
$GNGGA,111320.00,0419.95768,S,05539.68532,E,2,12,0.92,44.1,M,-47.6,M,,0000*44
$GNGSA,A,3,32,29,26,28,31,16,41,,,,,,1.86,0.92,1.62*19
$GNGSA,A,3,69,82,70,80,73,71,,,,,,,1.86,0.92,1.62*15
$GPGSV,5,1,17,10,24,344,,16,24,265,16,18,29,057,,23,08,023,*70
$GPGSV,5,2,17,24,00,062,,25,07,140,09,26,30,234,28,27,25,324,16*7E
$GPGSV,5,3,17,28,35,174,36,29,32,142,29,31,21,201,33,32,82,333,42*78
$GPGSV,5,4,17,36,52,277,,40,84,353,40,41,58,082,37,49,32,274,*7C
$GPGSV,5,5,17,50,10,089,*4A
$GLGSV,3,1,09,69,38,358,21,70,51,254,10,71,14,218,18,73,14,218,16*6A
$GLGSV,3,2,09,80,13,165,25,82,25,116,18,83,41,055,22,84,15,359,*69
$GLGSV,3,3,09,,,,29*67
$GNGLL,0419.95768,S,05539.68532,E,111320.00,A,D*66
$GNRMC,111321.00,A,0419.95769,S,05539.68525,E,0.265,,260525,,,D*7E
$GNVTG,,T,,M,0.265,N,0.490,K,D*34
$GNGGA,111321.00,0419.95769,S,05539.68525,E,2,12,0.92,44.1,M,-47.6,M,,0000*42
$GNGSA,A,3,32,29,26,28,31,16,41,,,,,,1.86,0.92,1.62*19
$GNGSA,A,3,69,82,70,80,73,71,,,,,,,1.86,0.92,1.62*15
$GPGSV,5,1,17,10,24,344,,16,24,265,17,18,29,057,,23,08,023,*71
$GPGSV,5,2,17,24,00,062,,25,07,140,11,26,30,234,27,27,25,324,18*76
$GPGSV,5,3,17,28,35,174,37,29,32,142,28,31,21,201,34,32,82,333,42*7F
$GPGSV,5,4,17,36,52,277,,40,84,353,41,41,58,082,37,49,32,274,*7D
$GPGSV,5,5,17,50,10,089,*4A
$GLGSV,3,1,09,69,38,358,20,70,51,254,12,71,14,218,18,73,14,218,18*67
$GLGSV,3,2,09,80,13,165,25,82,25,116,21,83,41,055,24,84,15,359,*65
$GLGSV,3,3,09,,,,32*6D
$GNGLL,0419.95769,S,05539.68525,E,111321.00,A,D*60
$GNRMC,111322.00,A,0419.95784,S,05539.68517,E,0.210,,260525,,,D*7D
$GNVTG,,T,,M,0.210,N,0.388,K,D*38
$GNGGA,111322.00,0419.95784,S,05539.68517,E,2,12,0.92,44.5,M,-47.6,M,,0000*47
$GNGSA,A,3,32,29,26,28,31,16,41,,,,,,1.86,0.92,1.62*19
$GNGSA,A,3,69,82,70,80,73,71,,,,,,,1.86,0.92,1.62*15
$GPGSV,5,1,17,10,24,344,,16,24,265,15,18,29,057,,23,08,023,*73
$GPGSV,5,2,17,24,00,062,,25,07,140,11,26,30,234,26,27,25,324,19*76
$GPGSV,5,3,17,28,35,174,38,29,32,142,27,31,21,201,36,32,82,333,41*7E
$GPGSV,5,4,17,36,52,277,,40,84,353,40,41,58,082,37,49,32,274,*7C
$GPGSV,5,5,17,50,10,089,*4A
$GLGSV,3,1,09,69,38,358,18,70,51,254,14,71,14,218,19,73,14,218,20*60
$GLGSV,3,2,09,80,13,165,26,82,25,116,19,83,41,055,25,84,15,359,*6C
$GLGSV,3,3,09,,,,27*69
$GNGLL,0419.95784,S,05539.68517,E,111322.00,A,D*61
$GNRMC,111323.00,A,0419.95799,S,05539.68509,E,0.183,,260525,,,D*76
$GNVTG,,T,,M,0.183,N,0.339,K,D*3B
$GNGGA,111323.00,0419.95799,S,05539.68509,E,2,12,0.88,44.9,M,-47.6,M,,0000*42
$GNGSA,A,3,32,29,26,28,31,25,16,41,,,,,1.70,0.88,1.45*19
$GNGSA,A,3,69,82,70,80,73,71,,,,,,,1.70,0.88,1.45*12
$GPGSV,5,1,17,10,24,344,,16,24,265,13,18,29,057,23,23,08,023,*74
$GPGSV,5,2,17,24,00,062,,25,07,140,13,26,30,234,26,27,25,324,22*7C
$GPGSV,5,3,17,28,35,174,35,29,32,142,25,31,21,201,32,32,82,333,42*76
$GPGSV,5,4,17,36,52,277,,40,84,353,42,41,58,082,41,49,32,274,*7F
$GPGSV,5,5,17,50,10,089,*4A
$GLGSV,3,1,09,69,38,358,18,70,51,254,14,71,14,218,20,73,14,218,21*6B
$GLGSV,3,2,09,80,13,165,26,82,25,116,19,83,41,055,25,84,15,359,*6C
$GLGSV,3,3,09,,,,31*6E
$GNGLL,0419.95799,S,05539.68509,E,111323.00,A,D*63
$GNRMC,111324.00,A,0419.95812,S,05539.68491,E,0.507,,260525,,,D*75
$GNVTG,,T,,M,0.507,N,0.940,K,D*37
$GNGGA,111324.00,0419.95812,S,05539.68491,E,2,12,0.95,45.3,M,-47.6,M,,0000*4E
$GNGSA,A,3,32,29,26,28,31,25,41,,,,,,1.79,0.95,1.51*1E
$GNGSA,A,3,69,82,70,80,73,71,,,,,,,1.79,0.95,1.51*12
$GPGSV,5,1,17,10,24,344,,16,24,265,19,18,29,057,21,23,08,023,*7C
$GPGSV,5,2,17,24,00,062,,25,07,140,11,26,30,234,26,27,25,324,20*7C
$GPGSV,5,3,17,28,35,174,35,29,32,142,24,31,21,201,36,32,82,333,43*72
$GPGSV,5,4,17,36,52,277,,40,84,353,42,41,58,082,39,49,32,274,*70
$GPGSV,5,5,17,50,10,089,*4A
$GLGSV,3,1,09,69,38,358,18,70,51,254,12,71,14,218,20,73,14,218,20*6C
$GLGSV,3,2,09,80,13,165,23,82,25,116,17,83,41,055,23,84,15,359,*61
$GLGSV,3,3,09,,,,26*68
$GNGLL,0419.95812,S,05539.68491,E,111324.00,A,D*68
