$GNRMC,080555.00,A,0419.81220,S,05539.64582,E,0.075,,260525,,,A*78
$GNVTG,,T,,M,0.075,N,0.139,K,A*34
$GNGGA,080555.00,0419.81220,S,05539.64582,E,1,12,0.74,3.8,M,-47.6,M,,*73
$GNGSA,A,3,25,23,12,15,10,29,18,24,28,,,,1.47,0.74,1.26*16
$GNGSA,A,3,68,79,80,67,82,,,,,,,,1.47,0.74,1.26*1B
$GPGSV,5,1,19,05,02,029,08,10,39,232,25,12,41,153,27,13,05,066,10*7C
$GPGSV,5,2,19,15,41,079,27,18,20,335,31,23,68,297,20,24,18,142,09*70
$GPGSV,5,3,19,25,72,194,21,26,04,316,18,28,12,252,23,29,35,021,25*73
$GPGSV,5,4,19,31,00,273,16,32,10,210,,36,52,277,,40,85,352,*7D
$GPGSV,5,5,19,41,58,082,,49,32,274,,50,10,089,*4B
$GLGSV,3,1,10,67,32,050,16,68,62,120,21,69,31,187,31,73,03,315,19*67
$GLGSV,3,2,10,78,04,158,,79,42,195,25,80,44,276,28,81,01,057,*6B
$GLGSV,3,3,10,82,06,015,11,83,03,328,17*6B
$GNGLL,0419.81220,S,05539.64582,E,080555.00,A,A*65
$GPGSV,5,4,19,31,00,273,19,32,10,210,,36,52,277,,40,85,352,*72
$GPGSV,5,5,19,41,58,082,,49,32,274,,50,10,089,*4B
$GLGSV,3,1,10,67,32,050,12,68,62,120,21,69,31,187,31,73,03,315,22*6B
$GLGSV,3,2,10,78,04,158,,79,42,195,26,80,44,276,12,81,01,057,*61
$GLGSV,3,3,10,82,06,015,10,83,03,328,14*69
$GNGLL,0419.81207,S,05539.64604,E,080557.00,A,A*6F
$GNRMC,080600.00,A,0419.81189,S,05539.64643,E,0.208,,260525,,,A*7D
$GNRMC,080601.00,A,0419.81186,S,05539.64639,E,0.077,,260525,,,A*74
$GNVTG,,T,,M,0.077,N,0.142,K,A*3A
$GNGGA,080601.00,0419.81186,S,05539.64639,E,1,12,0.86,3.5,M,-47.6,M,,*7D
$GNGSA,A,3,25,23,12,15,10,29,18,28,,,,,1.76,0.86,1.53*1D
$GNGSA,A,3,68,79,80,67,82,,,,,,,,1.76,0.86,1.53*16
$GPGSV,5,1,19,05,02,029,09,10,39,232,18,12,41,153,28,13,05,066,10*7C
$GPGSV,5,2,19,15,41,079,26,18,20,335,34,23,68,297,23,24,18,142,17*78
$GPGSV,5,3,19,25,72,194,26,26,04,316,14,28,12,252,24,29,35,021,21*7B
$GPGSV,5,4,19,31,00,273,20,32,10,210,,36,52,277,,40,85,352,*78
$GPGSV,5,5,19,41,58,082,,49,32,274,,50,10,089,*4B
$GLGSV,3,1,10,67,32,050,14,68,62,120,22,69,31,187,30,73,04,314,23*68
$GLGSV,3,2,10,78,04,158,,79,42,195,26,80,44,276,15,81,01,057,*66
$GNRMC,080602.00,A,0419.81186,S,05539.64638,E,0.060,,260525,,,A*70
$GNVTG,,T,,M,0.060,N,0.112,K,A*39
$GNGGA,080602.00,0419.81186,S,05539.64638,E,1,12,0.86,3.3,M,-47.6,M,,*79
$GNGSA,A,3,25,23,12,15,10,29,18,28,,,,,1.76,0.86,1.53*1D
$GNGSA,A,3,68,79,80,67,82,,,,,,,,1.76,0.86,1.53*16
$GPGSV,5,1,19,05,02,029,12,10,39,232,19,12,41,153,28,13,05,066,12*75
$GPGSV,5,2,19,15,41,079,26,18,20,335,34,23,68,297,23,24,18,142,16*79
$GPGSV,5,3,19,25,72,194,26,26,04,316,10,28,12,252,24,29,35,021,20*7E
$GPGSV,5,4,19,31,00,273,20,32,10,210,,36,52,277,,40,85,352,*78
$GPGSV,5,5,19,41,58,082,,49,32,274,,50,10,089,*4B
$GLGSV,3,1,10,67,32,050,13,68,62,120,23,69,31,187,30,73,04,314,22*6F
$GLGSV,3,2,10,78,04,158,,79,42,195,27,80,44,276,16,81,01,057,*64
$GNRMC,080605.00,A,0419.81186,S,05539.64634,E,0.036,,260525,,,A*78
$GNVTG,,T,,M,0.036,N,0.067,K,A*39
$GNGGA,080605.00,0419.81186,S,05539.64634,E,1,12,0.86,2.6,M,-47.6,M,,*76
$GNGSA,A,3,25,23,12,15,10,29,18,28,13,,,,1.76,0.86,1.53*1F
$GNGSA,A,3,68,79,80,67,82,,,,,,,,1.76,0.86,1.53*16
$GPGSV,5,1,19,05,02,029,10,10,39,232,19,12,41,153,27,13,05,066,09*72
$GPGSV,5,2,19,15,41,079,28,18,20,335,32,23,68,297,24,24,18,142,14*74
$GPGSV,5,3,19,25,72,194,25,26,04,316,11,28,12,252,25,29,35,021,26*7B
$GPGSV,5,4,19,31,00,273,14,32,10,210,,36,52,277,,40,85,352,*7F
$GPGSV,5,5,19,41,58,082,,49,32,274,,50,10,089,*4B
$GLGSV,3,1,10,67,32,050,13,68,62,120,24,69,31,187,30,73,04,314,24*6E
$GLGSV,3,2,10,78,04,158,,79,42,194,27,80,44,275,20,81,01,057,*63
$GLGSV,3,3,10,82,06,015,12,83,03,328,22*6E
$GNGLL,0419.81186,S,05539.64634,E,080605.00,A,A*62
$GNRMC,080606.00,A,0419.81187,S,05539.64637,E,0.112,,260525,,,A*7E
$GNVTG,,T,,M,0.112,N,0.208,K,A*35
$GNGGA,080606.00,0419.81187,S,05539.64637,E,1,12,0.75,2.0,M,-47.6,M,,*7D
$GNGSA,A,3,25,23,12,15,10,29,18,24,28,13,,,1.36,0.75,1.14*12
$GNGSA,A,3,68,79,80,67,82,,,,,,,,1.36,0.75,1.14*1D
$GPGSV,5,1,19,05,02,029,11,10,39,232,21,12,41,153,26,13,05,066,12*73
$GPGSV,5,2,19,15,41,079,30,18,20,335,35,23,68,297,24,24,18,142,15*7B
$GPGSV,5,3,19,25,72,194,26,26,04,316,14,28,12,252,23,29,35,021,26*7B
$GPGSV,5,4,19,31,00,273,12,32,10,210,,36,52,277,,40,85,352,*79
$GPGSV,5,5,19,41,58,082,,49,32,274,,50,10,089,*4B
$GLGSV,3,1,10,67,32,050,14,68,62,120,23,69,31,187,30,73,04,314,25*6F
$GLGSV,3,2,10,78,04,158,,79,42,194,26,80,44,275,20,81,01,058,*6D
$GLGSV,3,3,10,82,06,015,12,83,03,328,21*6D
$GNGLL,0419.81187,S,05539.64637,E,080606.00,A,A*63
$GNRMC,080607.00,A,0419.81185,S,05539.64634,E,0.033,,260525,,,A*7C
$GNVTG,,T,,M,0.033,N,0.061,K,A*3A
$GNGGA,080607.00,0419.81185,S,05539.64634,E,1,12,0.78,1.7,M,-47.6,M,,*74
$GNGSA,A,3,25,23,12,15,10,29,18,24,28,13,,,1.50,0.78,1.28*10
$GNGSA,A,3,68,79,80,67,82,,,,,,,,1.50,0.78,1.28*1F
$GPGSV,5,1,19,05,02,029,07,10,39,232,21,12,41,153,26,13,05,066,12*74
$GPGSV,5,2,19,15,41,079,30,18,20,335,33,23,68,297,23,24,18,142,15*7A
$GPGSV,5,3,19,25,72,194,25,26,04,316,09,28,12,252,22,29,35,021,26*75
$GPGSV,5,4,19,31,00,273,10,32,10,210,,36,52,277,,40,85,352,*7B
$GPGSV,5,5,19,41,58,082,,49,32,274,,50,10,089,*4B
$GLGSV,3,1,10,67,32,050,15,68,62,120,22,69,31,187,30,73,04,314,26*6C
$GLGSV,3,2,10,78,04,158,,79,42,194,26,80,44,275,18,81,01,058,*66
$GLGSV,3,3,10,82,06,016,15,83,03,328,21*69
$GNGLL,0419.81185,S,05539.64634,E,080607.00,A,A*63
$GNRMC,080608.00,A,0419.81181,S,05539.64636,E,0.065,,260525,,,A*76
$GNVTG,,T,,M,0.065,N,0.120,K,A*3D
$GNGGA,080608.00,0419.81181,S,05539.64636,E,1,12,0.78,1.5,M,-47.6,M,,*7F
$GNGSA,A,3,25,23,12,15,10,29,18,24,28,13,,,1.50,0.78,1.28*10
$GNGSA,A,3,68,79,80,67,82,,,,,,,,1.50,0.78,1.28*1F
$GPGSV,5,1,19,05,02,029,10,10,39,232,22,12,41,153,27,13,05,066,07*74
$GPGSV,5,2,19,15,41,079,30,18,20,335,35,23,68,297,20,24,18,142,16*7C
$GPGSV,5,3,19,25,72,194,25,26,04,316,14,28,12,252,22,29,35,021,26*79
$GPGSV,5,4,19,31,00,273,09,32,10,210,,36,52,277,,40,85,352,*73
$GPGSV,5,5,19,41,58,082,,49,32,274,,50,10,089,*4B
$GLGSV,3,1,10,67,32,050,14,68,62,120,22,69,31,187,30,73,04,314,28*63
$GLGSV,3,2,10,78,04,158,,79,42,194,26,80,44,275,17,81,01,058,*69
$GLGSV,3,3,10,82,06,016,13,83,03,329,22*6D
$GNGLL,0419.81181,S,05539.64636,E,080608.00,A,A*6A
$GNRMC,080610.00,A,0419.81174,S,05539.64634,E,0.058,,260525,,,A*79
$GNVTG,,T,,M,0.058,N,0.107,K,A*36
$GNGGA,080610.00,0419.81174,S,05539.64634,E,1,12,0.72,1.6,M,-47.6,M,,*77
$GNGSA,A,3,25,23,12,15,10,29,18,24,28,13,,,1.44,0.72,1.25*12
$GNGSA,A,3,68,79,80,67,82,69,,,,,,,1.44,0.72,1.25*12
$GPGSV,5,1,19,05,02,029,09,10,39,232,23,12,41,153,28,13,05,066,09*7C
$GPGSV,5,2,19,15,41,079,29,18,20,335,37,23,68,297,18,24,18,142,15*7E
$GPGSV,5,3,19,25,72,194,23,26,04,316,14,28,12,252,23,29,35,021,25*7D
$GPGSV,5,4,19,31,00,273,18,32,10,210,,36,52,277,,40,85,352,*73
$GPGSV,5,5,19,41,58,082,,49,32,274,,50,10,089,*4B
$GLGSV,3,1,10,67,32,050,17,68,62,120,24,69,31,187,30,73,04,314,28*66
$GLGSV,3,2,10,78,04,158,,79,42,194,25,80,44,275,13,81,01,058,*6E
$GLGSV,3,3,10,82,06,016,19,83,03,329,23*66
$GNGLL,0419.81174,S,05539.64634,E,080610.00,A,A*6B
$GNRMC,080611.00,A,0419.81172,S,05539.64623,E,0.048,,260525,,,A*79
$GNVTG,,T,,M,0.048,N,0.089,K,A*30
$GNGGA,080611.00,0419.81172,S,05539.64623,E,1,12,0.72,1.6,M,-47.6,M,,*76
$GNGSA,A,3,25,23,12,15,10,29,18,24,28,13,,,1.44,0.72,1.25*12
$GNGSA,A,3,68,79,80,67,82,69,,,,,,,1.44,0.72,1.25*12
$GPGSV,5,1,19,05,02,029,11,10,39,232,24,12,41,153,29,13,05,066,08*72
$GPGSV,5,2,19,15,41,079,29,18,20,335,37,23,68,297,18,24,18,142,15*7E
$GPGSV,5,3,19,25,72,194,23,26,04,316,16,28,12,252,22,29,35,021,25*7E
$GPGSV,5,4,19,31,00,273,17,32,10,210,,36,52,277,,40,85,352,*7C
$GPGSV,5,5,19,41,58,082,,49,32,274,,50,10,089,*4B
$GLGSV,3,1,10,67,32,050,13,68,62,120,24,69,31,187,30,73,04,314,28*62
$GLGSV,3,2,10,78,04,158,,79,42,194,26,80,44,275,10,81,01,058,*6E
$GLGSV,3,3,10,82,06,016,15,83,03,329,21*68
$GNGLL,0419.81172,S,05539.64623,E,080611.00,A,A*6A
$GNRMC,080612.00,A,0419.81165,S,05539.64622,E,0.016,,260525,,,A*76
$GNVTG,,T,,M,0.016,N,0.029,K,A*31
$GNGGA,080612.00,0419.81165,S,05539.64622,E,1,12,0.77,1.5,M,-47.6,M,,*74
$GNGSA,A,3,25,23,12,15,10,29,18,24,28,,,,1.48,0.77,1.26*1A
$GNGSA,A,3,68,79,80,67,82,69,,,,,,,1.48,0.77,1.26*18
$GPGSV,5,1,19,05,02,029,11,10,39,232,26,12,41,153,28,13,05,066,08*71
$GPGSV,5,2,19,15,41,079,30,18,20,335,37,23,68,297,20,24,18,142,13*7B
$GPGSV,5,3,19,25,72,194,25,26,04,316,15,28,12,252,23,29,35,021,25*7A
$GPGSV,5,4,19,31,00,273,17,32,10,210,,36,52,277,,40,85,352,*7C
$GPGSV,5,5,19,41,58,082,,49,32,274,,50,10,089,*4B
$GLGSV,3,1,10,67,32,050,13,68,62,120,24,69,31,187,30,73,04,314,27*6D
$GLGSV,3,2,10,78,04,158,,79,42,194,26,80,44,275,09,81,01,058,*66
$GLGSV,3,3,10,82,06,016,16,83,03,329,20*6A
$GNGLL,0419.81165,S,05539.64622,E,080612.00,A,A*6E
$GNRMC,080613.00,A,0419.81154,S,05539.64617,E,0.091,,260525,,,A*7C
$GNVTG,,T,,M,0.091,N,0.169,K,A*3B
$GNGGA,080613.00,0419.81154,S,05539.64617,E,1,12,0.72,2.0,M,-47.6,M,,*72
$GNGSA,A,3,25,23,12,15,10,29,18,24,28,,,,1.44,0.72,1.25*10
$GNGSA,A,3,68,79,80,67,82,69,,,,,,,1.44,0.72,1.25*12
$GPGSV,5,1,19,05,02,029,13,10,39,232,27,12,41,153,27,13,05,066,08*7D
$GPGSV,5,2,19,15,41,079,29,18,20,335,37,23,68,297,22,24,18,142,13*71
$GPGSV,5,3,19,25,72,194,26,26,04,316,16,28,12,252,25,29,35,021,25*7C
$GPGSV,5,4,19,31,00,273,15,32,10,210,,36,52,277,,40,85,352,*7E
$GPGSV,5,5,19,41,58,082,,49,32,274,,50,10,089,*4B
$GLGSV,3,1,10,67,32,050,17,68,62,120,25,69,31,187,30,73,04,314,25*6A
$GLGSV,3,2,10,78,04,158,,79,42,194,25,80,44,275,13,81,01,058,*6E
$GLGSV,3,3,10,82,06,016,16,83,03,329,20*6A
$GNGLL,0419.81154,S,05539.64617,E,080613.00,A,A*6B
$GNRMC,080615.00,A,0419.81139,S,05539.64631,E,0.044,,260525,,,A*7D
$GNVTG,,T,,M,0.044,N,0.081,K,A*34
$GNGGA,080615.00,0419.81139,S,05539.64631,E,1,12,0.69,1.5,M,-47.6,M,,*77
$GNGSA,A,3,25,23,12,15,10,29,18,24,28,,,,1.30,0.69,1.10*1F
$GNGSA,A,3,68,79,80,67,82,69,,,,,,,1.30,0.69,1.10*1D
$GPGSV,5,1,19,05,02,029,10,10,39,232,29,12,41,153,26,13,05,066,10*78
$GPGSV,5,2,19,15,41,079,29,18,20,335,37,23,68,297,22,24,18,142,15*77
$GPGSV,5,3,19,25,72,194,27,26,04,316,18,28,12,252,27,29,35,021,25*71
$GPGSV,5,4,19,31,00,273,15,32,10,210,18,36,52,277,,40,85,352,*77
$GPGSV,5,5,19,41,58,082,,49,32,274,,50,10,089,*4B
$GLGSV,3,1,10,67,32,050,17,68,62,120,25,69,31,187,30,73,04,314,23*6C
$GLGSV,3,2,10,78,04,158,,79,42,194,25,80,44,275,19,81,01,058,*64
$GLGSV,3,3,10,82,06,016,17,83,03,329,15*6D
$GNGLL,0419.81139,S,05539.64631,E,080615.00,A,A*62
$GNRMC,080617.00,A,0419.81122,S,05539.64643,E,0.020,,260525,,,A*72
$GNVTG,,T,,M,0.020,N,0.037,K,A*3B
$GNGGA,080617.00,0419.81122,S,05539.64643,E,1,12,0.69,1.5,M,-47.6,M,,*7A
$GNGSA,A,3,25,23,12,15,10,29,18,24,28,,,,1.30,0.69,1.10*1F
$GNGSA,A,3,68,79,80,67,82,69,,,,,,,1.30,0.69,1.10*1D
$GPGSV,5,1,19,05,02,029,09,10,39,232,28,12,41,153,26,13,05,066,10*71
$GPGSV,5,2,19,15,41,079,30,18,20,335,37,23,68,297,21,24,18,142,12*7B
$GPGSV,5,3,19,25,72,194,27,26,04,316,18,28,12,252,28,29,35,021,26*7D
$GPGSV,5,4,19,31,00,273,13,32,10,210,17,36,52,277,,40,85,352,*7E
$GPGSV,5,5,19,41,58,082,,49,32,274,,50,10,089,*4B
$GLGSV,3,1,10,67,32,050,19,68,62,120,25,69,31,187,30,73,04,314,24*65
$GLGSV,3,2,10,78,04,158,,79,42,194,26,80,44,275,22,81,01,058,*6F
$GLGSV,3,3,10,82,06,016,14,83,03,329,13*68
$GNGLL,0419.81122,S,05539.64643,E,080617.00,A,A*6F
$GNRMC,080621.00,A,0419.81096,S,05539.64651,E,0.014,,260525,,,A*7D
$GNVTG,,T,,M,0.014,N,0.025,K,A*3F
$GNGGA,080621.00,0419.81096,S,05539.64651,E,1,12,0.69,2.1,M,-47.6,M,,*75
$GNGSA,A,3,25,23,12,15,10,29,18,24,28,,,,1.30,0.69,1.10*1F
$GNGSA,A,3,68,79,80,67,82,69,,,,,,,1.30,0.69,1.10*1D
$GPGSV,5,1,19,05,02,029,10,10,39,232,26,12,41,153,26,13,05,066,08*7E
$GPGSV,5,2,19,15,41,079,30,18,20,335,37,23,68,297,16,24,18,142,14*79
$GPGSV,5,3,19,25,72,194,30,26,04,316,17,28,12,252,27,29,35,021,26*7B
$GPGSV,5,4,19,31,00,273,11,32,10,210,14,36,52,277,,40,85,352,*7F
$GPGSV,5,5,19,41,58,082,,49,32,274,,50,10,089,*4B
$GLGSV,3,1,10,67,32,050,13,68,62,120,23,69,31,187,29,73,04,314,26*63
$GLGSV,3,2,10,78,04,158,,79,42,194,26,80,44,275,22,81,01,058,*6F
$GLGSV,3,3,10,82,06,016,15,83,03,329,12*68
$GNGLL,0419.81096,S,05539.64651,E,080621.00,A,A*67
$GNRMC,080623.00,A,0419.81088,S,05539.64665,E,0.134,,260525,,,A*74
$GNVTG,,T,,M,0.134,N,0.248,K,A*35
$GNGGA,080623.00,0419.81088,S,05539.64665,E,1,12,0.69,2.3,M,-47.6,M,,*7D
$GNGSA,A,3,25,23,12,15,10,29,18,24,28,,,,1.30,0.69,1.10*1F
$GNGSA,A,3,68,79,80,67,82,69,,,,,,,1.30,0.69,1.10*1D
$GPGSV,5,1,19,05,02,029,09,10,39,233,26,12,41,153,24,13,05,066,08*75
$GPGSV,5,2,19,15,41,079,30,18,20,335,38,23,68,297,20,24,18,142,14*73
$GPGSV,5,3,19,25,72,194,30,26,04,316,14,28,12,252,29,29,35,021,27*77
$GPGSV,5,4,19,31,00,273,13,32,10,210,12,36,52,277,,40,85,352,*7B
$GPGSV,5,5,19,41,58,082,,49,32,274,,50,10,089,*4B
$GLGSV,3,1,10,67,32,050,12,68,62,120,21,69,31,187,29,73,04,314,27*61
$GLGSV,3,2,10,78,04,158,,79,42,194,26,80,44,275,26,81,01,058,*6B
$GLGSV,3,3,10,82,06,016,14,83,03,329,17*6C
$GNGLL,0419.81088,S,05539.64665,E,080623.00,A,A*6D
$GNRMC,080629.00,A,0419.81070,S,05539.64660,E,0.037,,260525,,,A*7E
$GNVTG,,T,,M,0.037,N,0.068,K,A*37
$GNGGA,080629.00,0419.81070,S,05539.64660,E,1,12,0.69,3.5,M,-47.6,M,,*72
$GNGSA,A,3,25,23,12,15,10,29,18,24,28,,,,1.30,0.69,1.10*1F
$GNGSA,A,3,68,79,80,67,82,69,,,,,,,1.30,0.69,1.10*1D
$GPGSV,5,1,19,05,02,029,07,10,39,233,25,12,41,153,26,13,05,066,07*75
$GPGSV,5,2,19,15,41,078,30,18,20,335,37,23,68,297,20,24,18,142,15*7C
$GPGSV,5,3,19,25,72,194,29,26,04,316,13,28,12,252,27,29,35,021,26*77
$GPGSV,5,4,19,31,00,273,11,32,10,210,15,36,52,277,,40,85,352,*7E
$GPGSV,5,5,19,41,58,082,,49,32,274,,50,10,089,*4B
$GLGSV,3,1,10,67,32,050,14,68,62,120,19,69,31,187,28,73,04,314,24*6E
$GLGSV,3,2,10,78,04,158,,79,42,194,21,80,44,275,29,81,01,058,*63
$GLGSV,3,3,10,82,06,016,17,83,03,329,21*6A
$GNGLL,0419.81070,S,05539.64660,E,080629.00,A,A*65
$GNRMC,080630.00,A,0419.81068,S,05539.64658,E,0.006,,260525,,,A*76
$GNVTG,,T,,M,0.006,N,0.011,K,A*3B
$GNGGA,080630.00,0419.81068,S,05539.64658,E,1,12,0.72,3.7,M,-47.6,M,,*70
$GNGSA,A,3,25,23,12,15,10,29,18,24,28,,,,1.31,0.72,1.10*14
$GNGSA,A,3,68,79,80,67,82,69,,,,,,,1.31,0.72,1.10*16
$GPGSV,5,1,19,05,02,029,08,10,39,233,24,12,41,153,26,13,05,066,*7C
$GPGSV,5,2,19,15,41,078,31,18,20,335,37,23,68,297,19,24,18,142,14*76
$GPGSV,5,3,19,25,72,194,29,26,04,316,11,28,12,252,27,29,35,021,25*76
$GPGSV,5,4,19,31,00,273,09,32,10,210,14,36,52,277,,40,85,352,*76
$GPGSV,5,5,19,41,58,082,,49,32,274,,50,10,089,*4B
$GLGSV,3,1,10,67,32,050,09,68,62,120,19,69,31,187,28,73,04,314,22*64
$GLGSV,3,2,10,78,04,158,,79,42,194,19,80,44,275,29,81,01,058,*68
$GLGSV,3,3,10,82,06,016,18,83,03,329,19*6E
$GNGLL,0419.81068,S,05539.64658,E,080630.00,A,A*6F
$GNRMC,080631.00,A,0419.81066,S,05539.64658,E,0.013,,260525,,,A*7D
$GNVTG,,T,,M,0.013,N,0.024,K,A*39
$GNGGA,080631.00,0419.81066,S,05539.64658,E,1,12,0.69,4.0,M,-47.6,M,,*75
$GNGSA,A,3,25,23,12,15,10,29,18,24,28,,,,1.30,0.69,1.10*1F
$GNGSA,A,3,68,79,80,67,82,69,,,,,,,1.30,0.69,1.10*1D
$GPGSV,5,1,19,05,02,029,09,10,39,233,24,12,41,153,26,13,05,066,*7D
$GPGSV,5,2,19,15,41,078,30,18,20,335,38,23,68,297,18,24,18,142,14*79
$GPGSV,5,3,19,25,72,194,29,26,04,316,17,28,12,252,27,29,35,021,26*73
$GPGSV,5,4,19,31,00,273,12,32,10,210,12,36,52,277,,40,85,352,*7A
$GPGSV,5,5,19,41,58,082,,49,32,274,,50,10,089,*4B
$GLGSV,3,1,10,67,32,050,11,68,62,120,18,69,31,187,28,73,04,314,23*6D
$GLGSV,3,2,10,78,04,158,,79,42,194,18,80,44,275,30,81,01,058,*61
$GLGSV,3,3,10,82,06,016,17,83,03,329,18*60
$GNVTG,,T,,M,0.023,N,0.043,K,A*3B
$GNGGA,080632.00,0419.81065,S,05539.64660,E,1,12,0.69,4.1,M,-47.6,M,,*7F
$GNGSA,A,3,25,23,12,15,10,29,18,24,28,,,,1.30,0.69,1.10*1F
$GNGSA,A,3,68,79,80,67,82,69,,,,,,,1.30,0.69,1.10*1D
$GPGSV,5,1,19,05,02,029,09,10,39,233,24,12,41,153,27,13,05,066,*7C
$GPGSV,5,2,19,15,41,078,29,18,20,335,33,23,68,297,17,24,18,142,16*77
$GPGSV,5,3,19,25,72,194,28,26,04,316,14,28,12,252,27,29,35,021,26*71
$GPGSV,5,4,19,31,00,273,11,32,10,210,12,36,52,277,,40,85,352,*79
$GPGSV,5,5,19,41,58,082,,49,32,274,,50,10,089,*4B
$GLGSV,3,1,10,67,32,050,10,68,62,120,19,69,31,187,28,73,04,314,23*6D
$GLGSV,3,2,10,78,04,158,,79,42,194,20,80,44,275,30,81,01,058,*6A
$GLGSV,3,3,10,82,06,016,16,83,03,329,19*60
$GNGLL,0419.81065,S,05539.64660,E,080632.00,A,A*6B
$GNGLL,0419.81064,S,05539.64661,E,080633.00,A,A*6A
$GNGGA,080634.00,0419.81063,S,05539.64662,E,1,12,0.69,4.6,M,-47.6,M,,*7A
$GNGSA,A,3,25,23,12,15,10,29,18,24,28,,,,1.30,0.69,1.10*1F
$GNGSA,A,3,68,79,80,67,82,69,,,,,,,1.30,0.69,1.10*1D
$GPGSV,5,1,19,05,02,029,10,10,39,233,25,12,41,153,27,13,05,066,*75
$GPGSV,5,2,19,15,41,078,28,18,20,335,34,23,68,297,16,24,18,142,15*73
$GPGSV,5,3,19,25,72,194,27,26,04,316,18,28,12,252,27,29,35,021,27*73
$GPGSV,5,4,19,31,00,273,13,32,10,210,11,36,52,277,,40,85,352,*78
$GPGSV,5,5,19,41,58,082,,49,32,274,,50,10,089,*4B
$GLGSV,3,1,10,67,32,050,11,68,62,120,17,69,31,187,28,73,04,314,26*67
$GLGSV,3,2,10,78,04,158,,79,42,194,23,80,44,275,30,81,01,058,*69
$GLGSV,3,3,10,82,06,016,14,83,03,329,22*6A
$GNGLL,0419.81063,S,05539.64662,E,080634.00,A,A*69
$GNGLL,0419.81061,S,05539.64664,E,080635.00,A,A*6C
$GNRMC,080638.00,A,0419.81057,S,05539.64673,E,0.013,,260525,,,A*7F
$GNVTG,,T,,M,0.013,N,0.025,K,A*38
$GNGGA,080638.00,0419.81057,S,05539.64673,E,1,12,0.69,5.8,M,-47.6,M,,*7E
$GNGSA,A,3,25,23,12,15,10,29,18,24,28,,,,1.30,0.69,1.10*1F
$GNGSA,A,3,68,79,80,67,82,69,,,,,,,1.30,0.69,1.10*1D
$GPGSV,5,1,19,05,02,029,09,10,39,233,24,12,41,153,28,13,05,066,*73
$GPGSV,5,2,19,15,41,078,28,18,20,335,36,23,68,299,23,24,17,141,18*78
$GPGSV,5,3,19,25,71,194,27,26,04,316,19,28,12,252,27,29,35,021,27*71
$GPGSV,5,4,19,31,00,273,16,32,10,210,,36,52,277,,40,85,352,*7D
$GPGSV,5,5,19,41,58,082,,49,32,274,,50,10,089,*4B
$GLGSV,3,1,10,67,32,050,17,68,62,120,09,69,31,187,28,73,04,314,27*6F
$GLGSV,3,2,10,78,04,158,,79,42,194,21,80,44,275,29,81,01,058,*63
$GLGSV,3,3,10,82,06,016,16,83,03,329,19*60
$GNGLL,0419.81057,S,05539.64673,E,080638.00,A,A*62
$GNRMC,080639.00,A,0419.81058,S,05539.64672,E,0.086,,260525,,,A*7C
$GNVTG,,T,,M,0.086,N,0.159,K,A*3E
$GNGGA,080639.00,0419.81058,S,05539.64672,E,1,12,0.70,6.2,M,-47.6,M,,*70
$GNGSA,A,3,25,23,12,15,10,29,18,24,28,,,,1.36,0.70,1.17*16
$GNGSA,A,3,68,79,80,67,82,69,,,,,,,1.36,0.70,1.17*14
$GPGSV,5,1,19,05,02,029,09,10,39,233,23,12,41,153,27,13,05,066,*7B
$GPGSV,5,2,19,15,41,078,28,18,20,335,35,23,68,299,23,24,17,141,18*7B
$GPGSV,5,3,19,25,71,194,27,26,04,316,20,28,12,252,28,29,35,021,26*75
$GPGSV,5,4,19,31,00,273,10,32,10,210,,36,52,277,,40,85,352,*7B
$GPGSV,5,5,19,41,58,082,,49,32,274,,50,10,089,*4B
$GLGSV,3,1,10,67,32,050,10,68,62,120,12,69,31,187,28,73,04,314,25*60
$GLGSV,3,2,10,78,04,158,,79,42,194,21,80,44,275,29,81,01,058,*63
$GLGSV,3,3,10,82,06,016,15,83,03,329,19*63
$GNGLL,0419.81058,S,05539.64672,E,080639.00,A,A*6D
$GNRMC,080640.00,A,0419.81058,S,05539.64676,E,0.096,,260525,,,A*77
$GNVTG,,T,,M,0.096,N,0.179,K,A*3D
$GNGGA,080640.00,0419.81058,S,05539.64676,E,1,12,0.69,6.5,M,-47.6,M,,*75
$GNGSA,A,3,25,23,12,15,10,29,18,24,28,,,,1.30,0.69,1.10*1F
$GNGSA,A,3,68,79,80,67,82,69,,,,,,,1.30,0.69,1.10*1D
$GPGSV,5,1,19,05,02,029,09,10,39,233,22,12,41,153,28,13,05,066,*75
$GPGSV,5,2,19,15,41,078,29,18,20,335,36,23,68,299,22,24,17,141,17*77
$GPGSV,5,3,19,25,71,194,27,26,04,316,20,28,12,252,29,29,35,021,26*74
$GPGSV,5,4,19,31,00,273,10,32,10,210,,36,52,277,,40,85,352,*7B
$GPGSV,5,5,19,41,58,082,,49,32,274,,50,10,089,*4B
$GLGSV,3,1,10,67,32,050,14,68,62,120,08,69,31,187,28,73,04,314,24*6E
$GLGSV,3,2,10,78,04,158,,79,42,194,20,80,44,275,28,81,01,058,*63
$GLGSV,3,3,10,82,06,016,16,83,03,329,20*6A
$GNGLL,0419.81058,S,05539.64676,E,080640.00,A,A*67
$GNRMC,080642.00,A,0419.81058,S,05539.64680,E,0.040,,260525,,,A*77
$GNVTG,,T,,M,0.040,N,0.074,K,A*3A
$GNGGA,080642.00,0419.81058,S,05539.64680,E,1,12,0.70,7.1,M,-47.6,M,,*73
$GNGSA,A,3,25,23,12,15,10,29,18,24,28,,,,1.36,0.70,1.17*16
$GNGSA,A,3,68,79,80,67,82,69,,,,,,,1.36,0.70,1.17*14
$GPGSV,5,1,19,05,02,029,10,10,39,233,22,12,41,153,28,13,05,066,*7D
$GPGSV,5,2,19,15,41,078,29,18,20,335,35,23,68,299,23,24,17,141,15*77
$GPGSV,5,3,19,25,71,194,26,26,04,316,19,28,12,252,28,29,35,021,26*7E
$GPGSV,5,4,19,31,00,273,16,32,10,210,,36,52,277,,40,85,352,*7D
$GPGSV,5,5,19,41,58,082,,49,32,274,,50,10,089,*4B
$GLGSV,3,1,10,67,32,050,17,68,62,120,09,69,31,187,28,73,04,314,22*6A
$GLGSV,3,2,10,78,04,158,,79,42,194,17,80,44,275,29,81,01,058,*66
$GLGSV,3,3,10,82,06,016,17,83,03,329,23*68
$GNGLL,0419.81058,S,05539.64680,E,080642.00,A,A*6C
$GNRMC,080643.00,A,0419.81056,S,05539.64677,E,0.082,,260525,,,A*7E
$GNVTG,,T,,M,0.082,N,0.151,K,A*32
$GNGGA,080643.00,0419.81056,S,05539.64677,E,1,12,0.69,7.4,M,-47.6,M,,*79
$GNGSA,A,3,25,23,12,15,10,29,18,24,28,,,,1.30,0.69,1.10*1F
$GNGSA,A,3,68,79,80,67,82,69,,,,,,,1.30,0.69,1.10*1D
$GPGSV,5,1,19,05,02,029,14,10,39,233,23,12,41,153,28,13,05,066,*78
$GPGSV,5,2,19,15,41,078,30,18,20,335,34,23,68,299,24,24,17,141,15*79
$GPGSV,5,3,19,25,71,194,26,26,04,316,17,28,12,252,28,29,35,021,27*71
$GPGSV,5,4,19,31,00,273,10,32,10,210,,36,52,277,,40,85,352,*7B
$GPGSV,5,5,19,41,58,082,,49,32,274,,50,10,089,*4B
$GLGSV,3,1,10,67,32,050,18,68,62,120,10,69,31,187,28,73,04,314,24*6B
$GLGSV,3,2,10,78,04,158,,79,42,194,15,80,44,275,29,81,01,058,*64
$GLGSV,3,3,10,82,06,016,16,83,03,329,22*68
$GNGLL,0419.81056,S,05539.64677,E,080643.00,A,A*6B
$GNRMC,080644.00,A,0419.81055,S,05539.64675,E,0.027,,260525,,,A*77
$GNVTG,,T,,M,0.027,N,0.051,K,A*3C
$GNGGA,080644.00,0419.81055,S,05539.64675,E,1,12,0.69,7.6,M,-47.6,M,,*7D
$GNGSA,A,3,25,23,12,15,10,29,18,24,28,,,,1.30,0.69,1.10*1F
$GNGSA,A,3,68,79,80,67,82,69,,,,,,,1.30,0.69,1.10*1D
$GPGSV,5,1,19,05,02,029,14,10,39,233,22,12,41,153,28,13,05,066,*79
$GPGSV,5,2,19,15,41,078,30,18,20,335,33,23,68,299,24,24,17,141,15*7E
$GPGSV,5,3,19,25,71,194,27,26,04,316,14,28,12,252,28,29,35,021,27*73
$GPGSV,5,4,19,31,00,273,10,32,11,209,,36,52,277,,40,85,352,*72
$GPGSV,5,5,19,41,58,082,,49,32,274,,50,10,089,*4B
$GLGSV,3,1,10,67,32,050,17,68,62,120,12,69,31,187,28,73,04,314,26*64
$GLGSV,3,2,10,78,04,158,,79,42,194,11,80,44,275,29,81,01,058,*60
$GLGSV,3,3,10,82,06,016,14,83,03,329,21*69
$GNGLL,0419.81055,S,05539.64675,E,080644.00,A,A*6D
$GNVTG,,T,,M,0.043,N,0.080,K,A*32
$GNGGA,080645.00,0419.81054,S,05539.64673,E,1,12,0.70,7.9,M,-47.6,M,,*7C
$GNGSA,A,3,25,23,12,15,10,29,18,24,28,,,,1.36,0.70,1.17*16
$GNGSA,A,3,68,79,80,67,82,69,,,,,,,1.36,0.70,1.17*14
$GPGSV,5,1,19,05,02,029,14,10,39,233,21,12,41,153,28,13,05,066,*7A
$GPGSV,5,2,19,15,41,078,30,18,20,335,35,23,68,299,24,24,17,141,14*79
$GPGSV,5,3,19,25,71,194,27,26,04,316,10,28,12,252,29,29,35,021,27*76
$GPGSV,5,4,19,31,00,273,11,32,11,209,,36,52,277,,40,85,352,*73
$GPGSV,5,5,19,41,58,082,,49,32,274,,50,10,089,*4B
$GLGSV,3,1,10,67,32,050,17,68,62,120,10,69,31,187,28,73,04,314,26*66
$GLGSV,3,2,10,78,04,158,,79,42,194,08,80,44,275,29,81,01,058,*68
$GLGSV,3,3,10,82,06,016,15,83,03,329,20*69
$GNGLL,0419.81054,S,05539.64673,E,080645.00,A,A*6B
$GNRMC,080649.00,A,0419.81056,S,05539.64654,E,0.051,,260525,,,A*7B
$GNVTG,,T,,M,0.051,N,0.095,K,A*35
$GNGGA,080649.00,0419.81056,S,05539.64654,E,1,12,0.69,8.7,M,-47.6,M,,*7E
$GNGSA,A,3,25,23,12,15,10,29,18,24,28,,,,1.30,0.69,1.10*1F
$GNGSA,A,3,68,79,80,67,82,69,,,,,,,1.30,0.69,1.10*1D
$GPGSV,5,1,19,05,02,029,14,10,39,233,21,12,41,153,28,13,05,066,*7A
$GPGSV,5,2,19,15,41,078,30,18,20,335,36,23,68,299,24,24,17,141,14*7A
$GPGSV,5,3,19,25,71,194,28,26,04,316,14,28,12,252,29,29,35,021,27*7D
$GPGSV,5,4,19,31,00,273,10,32,11,209,,36,52,277,,40,85,352,*72
$GPGSV,5,5,19,41,58,082,,49,32,274,,50,10,089,*4B
$GLGSV,3,1,10,67,32,050,13,68,62,120,17,69,31,187,28,73,04,314,26*65
$GLGSV,3,2,10,78,04,158,,79,42,194,10,80,44,275,29,81,01,058,*61
$GLGSV,3,3,10,82,06,016,19,83,03,329,16*60
$GNGLL,0419.81056,S,05539.64654,E,080649.00,A,A*60
$GNRMC,080651.00,A,0419.81057,S,05539.64645,E,0.034,,260525,,,A*70
$GNVTG,,T,,M,0.034,N,0.063,K,A*3F
$GNGGA,080651.00,0419.81057,S,05539.64645,E,1,12,0.70,9.2,M,-47.6,M,,*7A
$GNGSA,A,3,25,23,12,15,10,29,18,24,28,,,,1.31,0.70,1.10*16
$GNGSA,A,3,68,79,80,67,82,69,,,,,,,1.31,0.70,1.10*14
$GPGSV,5,1,19,05,02,029,10,10,39,233,21,12,41,153,30,13,05,066,*77
$GPGSV,5,2,19,15,41,078,30,18,20,335,36,23,68,299,23,24,17,141,13*7A
$GPGSV,5,3,19,25,71,194,28,26,04,316,16,28,12,252,28,29,35,021,27*7E
$GPGSV,5,4,19,31,00,273,08,32,11,209,,36,52,277,,40,85,352,*7B
$GPGSV,5,5,19,41,58,082,,49,32,274,,50,10,089,*4B
$GLGSV,3,1,10,67,32,050,12,68,62,120,12,69,31,187,29,73,04,314,26*60
$GLGSV,3,2,10,78,04,158,,79,42,194,11,80,44,275,29,81,01,058,*60
$GLGSV,3,3,10,82,06,016,20,83,03,329,16*6A
$GNGLL,0419.81057,S,05539.64645,E,080651.00,A,A*68
$GNRMC,080652.00,A,0419.81057,S,05539.64642,E,0.015,,260525,,,A*77
$GNVTG,,T,,M,0.015,N,0.029,K,A*32
$GNGGA,080652.00,0419.81057,S,05539.64642,E,1,12,0.69,9.5,M,-47.6,M,,*71
$GNGSA,A,3,25,23,12,15,10,29,18,24,28,,,,1.30,0.69,1.10*1F
$GNGSA,A,3,68,79,80,67,82,69,,,,,,,1.30,0.69,1.10*1D
$GPGSV,5,1,19,05,02,029,13,10,39,233,22,12,41,153,29,13,05,066,*7F
$GPGSV,5,2,19,15,41,078,29,18,20,335,36,23,68,299,25,24,17,141,13*74
$GPGSV,5,3,19,25,71,194,28,26,04,316,18,28,12,252,28,29,35,021,27*70
$GPGSV,5,4,19,31,00,273,11,32,11,209,,36,52,277,,40,85,352,*73
$GPGSV,5,5,19,41,58,082,,49,32,274,,50,10,089,*4B
$GLGSV,3,1,10,67,32,050,12,68,62,120,14,69,31,187,29,73,04,314,26*66
$GLGSV,3,2,10,78,04,158,,79,42,194,15,80,44,275,28,81,01,058,*65
$GLGSV,3,3,10,82,06,016,19,83,03,329,18*6E
$GNGLL,0419.81057,S,05539.64642,E,080652.00,A,A*6C
$GNRMC,080654.00,A,0419.81056,S,05539.64633,E,0.069,,260525,,,A*7D
$GNVTG,,T,,M,0.069,N,0.128,K,A*39
$GNGGA,080654.00,0419.81056,S,05539.64633,E,1,12,0.72,10.0,M,-47.6,M,,*47
$GNGSA,A,3,25,23,12,15,10,29,18,24,28,,,,1.32,0.72,1.10*17
$GNGSA,A,3,68,79,80,67,82,69,,,,,,,1.32,0.72,1.10*15
$GPGSV,5,1,19,05,02,029,10,10,39,233,22,12,41,153,28,13,05,066,*7D
$GPGSV,5,2,19,15,41,078,30,18,20,335,36,23,68,299,26,24,17,141,13*7F
$GPGSV,5,3,19,25,71,194,28,26,04,316,17,28,12,252,28,29,35,021,26*7E
$GPGSV,5,4,19,31,00,273,11,32,11,209,,36,52,277,,40,85,352,*73
$GPGSV,5,5,19,41,58,082,,49,32,274,,50,10,089,*4B
$GLGSV,3,1,10,67,32,050,07,68,62,120,16,69,31,187,28,73,04,314,26*61
$GLGSV,3,2,10,78,04,158,,79,42,194,12,80,44,275,29,81,01,058,*63
$GLGSV,3,3,10,82,06,016,19,83,03,329,19*6F
$GNGLL,0419.81056,S,05539.64633,E,080654.00,A,A*6D
$GNRMC,080655.00,A,0419.81058,S,05539.64633,E,0.085,,260525,,,A*70
$GNVTG,,T,,M,0.085,N,0.157,K,A*33
$GNGGA,080655.00,0419.81058,S,05539.64633,E,1,12,0.78,10.1,M,-47.6,M,,*43
$GNGSA,A,3,25,23,12,15,10,29,18,24,28,,,,1.48,0.78,1.25*16
$GNGSA,A,3,68,79,80,67,82,69,,,,,,,1.48,0.78,1.25*14
$GPGSV,5,1,19,05,02,029,12,10,39,233,22,12,41,153,27,13,05,066,*70
$GPGSV,5,2,19,15,41,078,30,18,20,335,36,23,68,299,26,24,17,141,12*7E
$GPGSV,5,3,19,25,71,194,28,26,04,316,18,28,12,252,28,29,35,022,26*72
$GPGSV,5,4,19,31,00,273,12,32,11,209,,36,52,277,,40,85,352,*70
$GPGSV,5,5,19,41,58,082,,49,32,274,,50,10,089,*4B
$GLGSV,3,1,10,67,32,050,10,68,62,120,17,69,31,187,28,73,04,314,26*66
$GLGSV,3,2,10,78,04,158,,79,42,194,16,80,44,275,29,81,01,058,*67
$GLGSV,3,3,10,82,06,016,18,83,03,329,19*6E
$GNGLL,0419.81058,S,05539.64633,E,080655.00,A,A*62
$GNRMC,080656.00,A,0419.81059,S,05539.64633,E,0.090,,260525,,,A*76
$GNVTG,,T,,M,0.090,N,0.166,K,A*35
$GNGGA,080656.00,0419.81059,S,05539.64633,E,1,12,0.78,10.3,M,-47.6,M,,*43
$GNGSA,A,3,25,23,12,15,10,29,18,24,28,,,,1.48,0.78,1.25*16
$GNGSA,A,3,68,79,80,67,82,69,,,,,,,1.48,0.78,1.25*14
$GPGSV,5,1,19,05,02,029,11,10,39,233,23,12,41,153,28,13,05,066,*7D
$GPGSV,5,2,19,15,41,078,30,18,20,335,37,23,68,299,26,24,17,141,13*7E
$GPGSV,5,3,19,25,71,194,29,26,04,316,09,28,12,252,28,29,35,022,25*70
$GPGSV,5,4,19,31,00,273,11,32,11,209,,36,52,277,,40,85,352,*73
$GPGSV,5,5,19,41,58,082,,49,32,274,,50,10,089,*4B
$GLGSV,3,1,10,67,32,050,09,68,62,120,17,69,31,187,28,73,04,314,26*6E
$GLGSV,3,2,10,78,04,158,,79,42,194,18,80,44,275,30,81,01,058,*61
$GLGSV,3,3,10,82,06,016,18,83,03,329,19*6E
$GNGLL,0419.81059,S,05539.64633,E,080656.00,A,A*60
$GNRMC,080657.00,A,0419.81061,S,05539.64634,E,0.067,,260525,,,A*73
$GNVTG,,T,,M,0.067,N,0.125,K,A*3A
$GNGGA,080657.00,0419.81061,S,05539.64634,E,1,12,0.83,10.3,M,-47.6,M,,*4A
$GNGSA,A,3,25,23,12,15,10,29,18,24,28,,,,1.51,0.83,1.26*19
$GNGSA,A,3,68,80,67,82,69,,,,,,,,1.51,0.83,1.26*15
$GPGSV,5,1,19,05,02,029,10,10,39,233,25,12,41,153,27,13,05,066,*75
$GPGSV,5,2,19,15,41,078,29,18,20,335,36,23,68,299,26,24,17,141,15*71
$GPGSV,5,3,19,25,71,194,28,26,04,316,11,28,12,252,27,29,35,022,26*74
$GPGSV,5,4,19,31,00,273,13,32,11,209,,36,52,277,,40,85,352,*71
$GPGSV,5,5,19,41,58,082,,49,32,274,,50,10,089,*4B
$GLGSV,3,1,10,67,32,050,13,68,62,120,17,69,31,187,28,73,04,314,25*66
$GLGSV,3,2,10,78,04,158,,79,42,194,06,80,44,275,30,81,01,058,*6E
$GLGSV,3,3,10,82,06,016,19,83,03,329,18*6E
$GNGLL,0419.81061,S,05539.64634,E,080657.00,A,A*6D
$GNRMC,080658.00,A,0419.81064,S,05539.64638,E,0.024,,260525,,,A*72
$GNVTG,,T,,M,0.024,N,0.045,K,A*3A
$GNGGA,080658.00,0419.81064,S,05539.64638,E,1,12,0.78,10.3,M,-47.6,M,,*48
$GNGSA,A,3,25,23,12,15,10,29,18,24,28,,,,1.48,0.78,1.25*16
$GNGSA,A,3,68,79,80,67,82,69,,,,,,,1.48,0.78,1.25*14
$GPGSV,5,1,19,05,02,029,15,10,39,233,26,12,41,153,27,13,05,066,*73
$GPGSV,5,2,19,15,41,078,29,18,20,335,36,23,68,299,25,24,17,141,16*71
$GPGSV,5,3,19,25,71,194,29,26,04,316,08,28,12,252,27,29,35,022,26*7D
$GPGSV,5,4,19,31,00,273,10,32,11,209,,36,52,277,,40,85,352,*72
$GPGSV,5,5,19,41,58,082,,49,32,274,,50,10,089,*4B
$GLGSV,3,1,10,67,32,050,14,68,62,120,17,69,31,187,28,73,04,314,25*61
$GLGSV,3,2,10,78,04,158,,79,42,194,11,80,44,275,30,81,01,058,*68
$GLGSV,3,3,10,82,06,016,19,83,03,329,16*60
$GNGLL,0419.81064,S,05539.64638,E,080658.00,A,A*6B
$GNRMC,080659.00,A,0419.81067,S,05539.64639,E,0.061,,260525,,,A*70
$GNVTG,,T,,M,0.061,N,0.112,K,A*38
$GNGGA,080659.00,0419.81067,S,05539.64639,E,1,12,0.78,10.2,M,-47.6,M,,*4A
$GNGSA,A,3,25,23,12,15,10,29,18,24,28,,,,1.48,0.78,1.25*16
$GNGSA,A,3,68,79,80,67,82,69,,,,,,,1.48,0.78,1.25*14
$GPGSV,5,1,19,05,02,029,11,10,39,233,27,12,41,153,28,13,05,066,*79
$GPGSV,5,2,19,15,41,078,29,18,20,335,35,23,68,299,24,24,17,141,17*72
$GPGSV,5,3,19,25,71,194,29,26,04,316,11,28,12,252,28,29,35,022,26*7A
$GPGSV,5,4,19,31,00,273,10,32,11,209,,36,52,277,,40,85,352,*72
$GPGSV,5,5,19,41,58,082,,49,32,274,,50,10,089,*4B
$GLGSV,3,1,10,67,32,050,17,68,62,120,19,69,31,187,29,73,04,314,25*6D
$GLGSV,3,2,10,78,04,158,,79,42,194,16,80,44,275,30,81,01,058,*6F
$GLGSV,3,3,10,82,06,016,19,83,03,329,14*62
$GNGLL,0419.81067,S,05539.64639,E,080659.00,A,A*68
$GNRMC,080702.00,A,0419.81071,S,05539.64649,E,0.064,,260525,,,A*7A
$GNVTG,,T,,M,0.064,N,0.119,K,A*36
$GNGGA,080702.00,0419.81071,S,05539.64649,E,1,12,0.78,10.2,M,-47.6,M,,*45
$GNGSA,A,3,25,23,12,15,10,29,18,24,28,,,,1.48,0.78,1.25*16
$GNGSA,A,3,68,79,80,67,82,69,,,,,,,1.48,0.78,1.25*14
$GPGSV,5,1,19,05,02,029,12,10,39,233,28,12,41,153,28,13,05,066,*75
$GPGSV,5,2,19,15,41,078,26,18,20,335,37,23,68,299,26,24,17,141,15*7F
$GPGSV,5,3,19,25,71,194,29,26,04,316,16,28,12,252,28,29,35,022,25*7E
$GPGSV,5,4,19,31,00,273,15,32,11,209,,36,52,277,,40,85,352,*77
$GPGSV,5,5,19,41,58,082,,49,32,274,,50,10,089,*4B
$GLGSV,3,1,10,67,32,050,11,68,62,120,21,69,31,187,28,73,04,314,27*63
$GLGSV,3,2,10,78,04,158,,79,42,194,16,80,44,275,30,81,01,058,*6F
$GLGSV,3,3,10,82,06,016,22,83,03,329,09*66
$GNGLL,0419.81071,S,05539.64649,E,080702.00,A,A*67
$GNRMC,080703.00,A,0419.81072,S,05539.64654,E,0.033,,260525,,,A*76
$GNVTG,,T,,M,0.033,N,0.061,K,A*3A
$GNGGA,080703.00,0419.81072,S,05539.64654,E,1,12,0.78,10.0,M,-47.6,M,,*49
$GNGSA,A,3,25,23,12,15,10,29,18,24,28,,,,1.48,0.78,1.25*16
$GNGSA,A,3,68,79,80,67,82,69,,,,,,,1.48,0.78,1.25*14
$GPGSV,5,1,19,05,02,029,09,10,39,233,28,12,41,153,27,13,05,066,*70
$GPGSV,5,2,19,15,41,078,26,18,20,335,33,23,68,299,26,24,17,141,15*7B
$GPGSV,5,3,19,25,71,194,30,26,04,316,15,28,12,252,28,29,35,022,24*74
$GPGSV,5,4,19,31,00,273,11,32,11,209,,36,52,277,,40,85,352,*73
$GPGSV,5,5,19,41,58,082,,49,32,274,,50,10,089,*4B
$GLGSV,3,1,10,67,32,050,12,68,62,120,21,69,31,187,28,73,04,314,28*6F
$GLGSV,3,2,10,78,04,158,,79,42,194,17,80,44,275,29,81,01,058,*66
$GLGSV,3,3,10,82,06,016,22,83,03,329,07*68
$GNGLL,0419.81072,S,05539.64654,E,080703.00,A,A*69
$GNRMC,080704.00,A,0419.81074,S,05539.64657,E,0.067,,260525,,,A*75
$GNVTG,,T,,M,0.067,N,0.125,K,A*3A
$GNGGA,080704.00,0419.81074,S,05539.64657,E,1,12,0.78,9.8,M,-47.6,M,,*7B
$GNGSA,A,3,25,23,12,15,10,29,18,24,28,,,,1.48,0.78,1.25*16
$GNGSA,A,3,68,79,80,67,82,69,,,,,,,1.48,0.78,1.25*14
$GPGSV,5,1,19,05,02,029,10,10,39,233,28,12,41,153,27,13,05,066,*78
$GPGSV,5,2,19,15,41,078,26,18,20,335,35,23,68,299,27,24,17,141,15*7C
$GPGSV,5,3,19,25,71,194,30,26,04,316,15,28,12,252,28,29,35,022,23*73
$GPGSV,5,4,19,31,00,273,11,32,11,209,,36,52,277,,40,85,352,*73
$GPGSV,5,5,19,41,58,082,,49,32,274,,50,10,089,*4B
$GLGSV,3,1,10,67,32,050,14,68,62,120,20,69,31,187,26,73,04,314,28*66
$GLGSV,3,2,10,78,04,158,,79,42,194,16,80,44,275,30,81,01,058,*6F
$GLGSV,3,3,10,82,06,016,20,83,03,329,11*6D
$GNGLL,0419.81074,S,05539.64657,E,080704.00,A,A*6B
$GNRMC,080705.00,A,0419.81076,S,05539.64658,E,0.126,,260525,,,A*7D
$GNVTG,,T,,M,0.126,N,0.234,K,A*3D
$GNGGA,080705.00,0419.81076,S,05539.64658,E,1,12,0.78,9.6,M,-47.6,M,,*79
$GNGSA,A,3,25,23,12,15,10,29,18,24,28,,,,1.48,0.78,1.25*16
$GNGSA,A,3,68,79,80,67,82,69,,,,,,,1.48,0.78,1.25*14
$GPGSV,5,1,19,05,02,029,13,10,39,233,27,12,41,153,27,13,05,066,*74
$GPGSV,5,2,19,15,41,078,25,18,20,335,35,23,68,299,27,24,17,141,13*79
$GPGSV,5,3,19,25,71,194,30,26,04,316,17,28,12,252,29,29,35,022,23*70
$GPGSV,5,4,19,31,00,273,14,32,11,209,,36,52,277,,40,85,352,*76
$GPGSV,5,5,19,41,58,082,,49,32,274,,50,10,089,*4B
$GLGSV,3,1,10,67,32,050,12,68,62,120,21,69,31,187,25,73,04,314,27*6D
$GLGSV,3,2,10,78,04,158,,79,42,194,17,80,44,275,31,81,01,058,*6F
$GLGSV,3,3,10,82,06,016,17,83,03,329,16*6E
$GNGLL,0419.81076,S,05539.64658,E,080705.00,A,A*67
$GNRMC,080706.00,A,0419.81077,S,05539.64660,E,0.021,,260525,,,A*72
$GNVTG,,T,,M,0.021,N,0.039,K,A*34
$GNGGA,080706.00,0419.81077,S,05539.64660,E,1,12,0.81,9.4,M,-47.6,M,,*74
$GNGSA,A,3,25,23,12,15,10,29,18,24,28,,,,1.50,0.81,1.26*1A
$GNGSA,A,3,68,79,80,67,82,69,,,,,,,1.50,0.81,1.26*18
$GPGSV,5,1,19,05,02,029,11,10,39,233,28,12,41,153,27,13,05,066,*79
$GPGSV,5,2,19,15,41,078,26,18,20,335,35,23,68,299,27,24,17,141,12*7B
$GPGSV,5,3,19,25,71,194,31,26,04,316,20,28,12,252,29,29,35,022,23*75
$GPGSV,5,4,19,31,00,273,18,32,11,209,,36,52,277,,40,85,352,*7A
$GPGSV,5,5,19,41,58,082,,49,32,274,,50,10,089,*4B
$GLGSV,3,1,10,67,32,050,12,68,62,120,21,69,31,187,24,73,04,314,27*6C
$GLGSV,3,2,10,78,04,158,,79,42,194,16,80,44,275,31,81,01,058,*6E
$GLGSV,3,3,10,82,06,016,16,83,03,329,10*69
$GNGLL,0419.81077,S,05539.64660,E,080706.00,A,A*6E
$GNRMC,080709.00,A,0419.81084,S,05539.64669,E,0.056,,260525,,,A*78
$GNVTG,,T,,M,0.056,N,0.103,K,A*3C
$GNGGA,080709.00,0419.81084,S,05539.64669,E,1,12,0.78,8.7,M,-47.6,M,,*7A
$GNGSA,A,3,25,23,12,15,10,29,18,24,28,,,,1.48,0.78,1.25*16
$GNGSA,A,3,68,79,80,67,82,69,,,,,,,1.48,0.78,1.25*14
$GPGSV,5,1,19,05,02,029,07,10,39,233,28,12,41,153,27,13,05,066,*7E
$GPGSV,5,2,19,15,41,078,25,18,20,335,36,23,68,299,25,24,17,141,10*7B
$GPGSV,5,3,19,25,71,194,31,26,04,316,21,28,12,252,26,29,35,022,21*79
$GPGSV,5,4,19,31,00,273,14,32,11,209,,36,52,277,,40,85,352,*76
$GPGSV,5,5,19,41,58,082,,49,32,274,,50,10,089,*4B
$GLGSV,3,1,10,67,32,049,19,68,63,118,20,69,31,187,26,73,04,314,26*67
$GLGSV,3,2,10,78,04,158,,79,42,194,13,80,44,274,30,81,01,058,*6B
$GLGSV,3,3,10,82,06,016,15,83,03,329,12*68
$GNGLL,0419.81084,S,05539.64669,E,080709.00,A,A*64
$GNRMC,080710.00,A,0419.81087,S,05539.64676,E,0.113,,260525,,,A*7D
$GNVTG,,T,,M,0.113,N,0.209,K,A*35
$GNGGA,080710.00,0419.81087,S,05539.64676,E,1,12,0.78,8.3,M,-47.6,M,,*7B
$GNGSA,A,3,25,23,12,15,10,29,18,24,28,,,,1.48,0.78,1.25*16
$GNGSA,A,3,68,79,80,67,82,69,,,,,,,1.48,0.78,1.25*14
$GPGSV,5,1,19,05,02,029,09,10,39,233,28,12,41,153,29,13,05,066,*7E
$GPGSV,5,2,19,15,41,078,25,18,20,335,39,23,68,299,26,24,17,141,10*77
$GPGSV,5,3,19,25,71,194,31,26,04,316,19,28,12,252,26,29,35,022,19*79
$GPGSV,5,4,19,31,00,273,15,32,11,209,,36,52,277,,40,85,352,*77
$GPGSV,5,5,19,41,58,082,,49,32,274,,50,10,089,*4B
$GLGSV,3,1,10,67,32,049,22,68,63,118,19,69,31,187,26,73,04,314,26*65
$GLGSV,3,2,10,78,04,158,,79,42,194,14,80,44,274,29,81,01,058,*64
$GLGSV,3,3,10,82,06,016,18,83,03,329,15*62
$GNGLL,0419.81087,S,05539.64676,E,080710.00,A,A*61
$GNRMC,080711.00,A,0419.81089,S,05539.64677,E,0.089,,260525,,,A*71
$GNVTG,,T,,M,0.089,N,0.165,K,A*3E
$GNGGA,080711.00,0419.81089,S,05539.64677,E,1,12,0.78,8.2,M,-47.6,M,,*74
$GNGSA,A,3,25,23,12,15,10,29,18,24,28,,,,1.48,0.78,1.25*16
$GNGSA,A,3,68,79,80,67,82,69,,,,,,,1.48,0.78,1.25*14
$GPGSV,5,1,19,05,02,029,12,10,39,233,28,12,41,153,29,13,05,066,*74
$GPGSV,5,2,19,15,41,078,25,18,20,335,38,23,68,299,26,24,17,141,13*75
$GPGSV,5,3,19,25,71,194,31,26,04,316,19,28,12,252,27,29,35,022,16*77
$GPGSV,5,4,19,31,00,273,12,32,11,209,,36,52,277,,40,85,352,*70
$GPGSV,5,5,19,41,58,082,,49,32,274,,50,10,089,*4B
$GLGSV,3,1,10,67,32,049,22,68,63,118,19,69,31,187,25,73,04,314,27*67
$GLGSV,3,2,10,78,04,158,,79,42,194,16,80,44,274,28,81,01,058,*67
$GLGSV,3,3,10,82,06,016,20,83,03,329,15*69
$GNGLL,0419.81089,S,05539.64677,E,080711.00,A,A*6F
$GNRMC,080712.00,A,0419.81093,S,05539.64676,E,0.132,,260525,,,A*79
$GNVTG,,T,,M,0.132,N,0.245,K,A*3E
$GNGGA,080712.00,0419.81093,S,05539.64676,E,1,12,0.78,8.0,M,-47.6,M,,*7F
$GNGSA,A,3,25,23,12,15,10,29,18,24,28,,,,1.48,0.78,1.25*16
$GNGSA,A,3,68,79,80,67,82,69,,,,,,,1.48,0.78,1.25*14
$GPGSV,5,1,19,05,02,029,09,10,39,233,30,12,41,153,28,13,05,066,*76
$GPGSV,5,2,19,15,41,078,25,18,20,335,38,23,68,299,27,24,17,141,13*74
$GPGSV,5,3,19,25,71,194,32,26,04,316,20,28,12,252,26,29,35,022,19*70
$GPGSV,5,4,19,31,00,273,17,32,11,209,,36,52,277,,40,85,352,*75
$GPGSV,5,5,19,41,58,082,,49,32,274,,50,10,089,*4B
$GLGSV,3,1,10,67,32,049,22,68,63,118,18,69,31,187,25,73,04,314,27*66
$GLGSV,3,2,10,78,04,158,,79,42,194,17,80,44,274,28,81,01,058,*66
$GLGSV,3,3,10,82,06,016,20,83,03,329,13*6F
$GNGLL,0419.81093,S,05539.64676,E,080712.00,A,A*66
$GNRMC,080713.00,A,0419.81096,S,05539.64672,E,0.206,,260525,,,A*7D
$GNVTG,,T,,M,0.206,N,0.382,K,A*30
$GNGGA,080713.00,0419.81096,S,05539.64672,E,1,12,0.78,7.8,M,-47.6,M,,*78
$GNGSA,A,3,25,23,12,15,10,29,18,24,28,,,,1.48,0.78,1.25*16
$GNGSA,A,3,68,79,80,67,82,69,,,,,,,1.48,0.78,1.25*14
$GPGSV,5,1,19,05,02,029,10,10,39,233,30,12,41,153,28,13,05,066,*7E
$GPGSV,5,2,19,15,41,078,25,18,20,335,38,23,68,299,27,24,17,141,13*74
$GPGSV,5,3,19,25,71,194,32,26,04,316,22,28,12,252,26,29,35,022,19*72
$GPGSV,5,4,19,31,00,273,14,32,11,209,,36,52,277,,40,85,352,*76
$GPGSV,5,5,19,41,58,082,,49,32,274,,50,10,089,*4B
$GLGSV,3,1,10,67,32,049,23,68,63,118,20,69,31,187,26,73,04,314,28*60
$GLGSV,3,2,10,78,04,158,,79,42,194,18,80,44,274,29,81,01,058,*68
$GLGSV,3,3,10,82,06,016,20,83,03,329,10*6C
$GNGLL,0419.81096,S,05539.64672,E,080713.00,A,A*66
$GNRMC,080714.00,A,0419.81097,S,05539.64674,E,0.166,,260525,,,A*78
$GNVTG,,T,,M,0.166,N,0.308,K,A*37
$GNGGA,080714.00,0419.81097,S,05539.64674,E,1,12,0.78,7.6,M,-47.6,M,,*76
$GNGSA,A,3,25,23,12,15,10,29,18,24,28,,,,1.48,0.78,1.25*16
$GNGSA,A,3,68,79,80,67,82,69,,,,,,,1.48,0.78,1.25*14
$GPGSV,5,1,19,05,02,029,11,10,39,233,30,12,41,153,28,13,05,066,*7F
$GPGSV,5,2,19,15,41,078,24,18,20,335,38,23,68,299,27,24,17,141,12*74
$GPGSV,5,3,19,25,71,194,32,26,04,316,23,28,12,252,25,29,35,022,19*70
$GPGSV,5,4,19,31,00,273,17,32,11,209,,36,52,277,,40,85,352,*75
$GPGSV,5,5,19,41,58,082,,49,32,274,,50,10,089,*4B
$GLGSV,3,1,10,67,32,049,23,68,63,118,20,69,31,187,26,73,04,314,27*6F
$GLGSV,3,2,10,78,04,158,,79,42,194,16,80,44,274,29,81,01,058,*66
$GLGSV,3,3,10,82,06,016,21,83,03,329,10*6D
$GNGLL,0419.81097,S,05539.64674,E,080714.00,A,A*66
$GNRMC,080715.00,A,0419.81101,S,05539.64671,E,0.081,,260525,,,A*7A
$GNVTG,,T,,M,0.081,N,0.151,K,A*31
$GNGGA,080715.00,0419.81101,S,05539.64671,E,1,12,0.78,7.3,M,-47.6,M,,*79
$GNGSA,A,3,25,23,12,15,10,29,18,24,28,,,,1.48,0.78,1.25*16
$GNGSA,A,3,68,79,80,67,82,69,,,,,,,1.48,0.78,1.25*14
$GPGSV,5,1,19,05,02,029,15,10,39,233,29,12,41,153,28,13,05,066,*73
$GPGSV,5,2,19,15,41,078,24,18,20,335,38,23,68,299,27,24,17,141,12*74
$GPGSV,5,3,19,25,71,194,33,26,04,316,23,28,12,252,24,29,35,022,16*7F
$GPGSV,5,4,19,31,00,273,12,32,11,209,,36,52,277,,40,85,352,*70
$GPGSV,5,5,19,41,58,082,,49,32,274,,50,10,089,*4B
$GLGSV,3,1,10,67,32,049,23,68,63,118,20,69,31,187,26,73,04,314,27*6F
$GNRMC,080717.00,A,0419.81107,S,05539.64662,E,0.062,,260525,,,A*71
$GNVTG,,T,,M,0.062,N,0.115,K,A*3C
$GNGGA,080717.00,0419.81107,S,05539.64662,E,1,12,0.78,7.1,M,-47.6,M,,*7D
$GNGSA,A,3,25,23,12,15,10,29,18,24,28,,,,1.48,0.78,1.25*16
$GNGSA,A,3,68,79,80,67,82,69,,,,,,,1.48,0.78,1.25*14
$GPGSV,5,1,19,05,02,029,06,10,39,233,29,12,41,153,28,13,05,066,*71
$GPGSV,5,2,19,15,41,078,24,18,20,335,37,23,68,299,26,24,17,141,10*78
$GPGSV,5,3,19,25,71,194,33,26,04,316,23,28,12,252,26,29,35,022,14*7F
$GPGSV,5,4,19,31,00,273,20,32,11,209,,36,52,277,,40,85,352,*71
$GPGSV,5,5,19,41,58,082,,49,32,274,,50,10,089,*4B
$GLGSV,3,1,10,67,32,049,24,68,63,118,21,69,31,187,26,73,04,314,24*6A
$GLGSV,3,2,10,78,04,158,,79,42,194,15,80,44,274,28,81,01,058,*64
$GLGSV,3,3,10,82,06,016,22,83,03,329,15*6B
$GNGLL,0419.81107,S,05539.64662,E,080717.00,A,A*6A
$GNRMC,080718.00,A,0419.81108,S,05539.64659,E,0.103,,260525,,,A*7F
$GNVTG,,T,,M,0.103,N,0.191,K,A*36
$GNGGA,080718.00,0419.81108,S,05539.64659,E,1,12,0.78,7.1,M,-47.6,M,,*75
$GNGSA,A,3,25,23,12,15,10,29,18,24,28,,,,1.48,0.78,1.25*16
$GNGSA,A,3,68,79,80,67,82,69,,,,,,,1.48,0.78,1.25*14
$GPGSV,5,1,19,05,02,029,08,10,39,233,29,12,41,153,28,13,05,066,*7F
$GPGSV,5,2,19,15,41,078,24,18,20,335,37,23,68,299,25,24,17,141,11*7A
$GPGSV,5,3,19,25,71,194,33,26,04,316,23,28,12,252,26,29,35,022,14*7F
$GPGSV,5,4,19,31,00,273,21,32,11,209,,36,52,277,,40,85,352,*70
$GPGSV,5,5,19,41,58,082,,49,32,274,,50,10,089,*4B
$GLGSV,3,1,10,67,32,049,24,68,63,118,21,69,31,187,26,73,04,314,22*6C
$GLGSV,3,2,10,78,03,157,,79,42,194,14,80,44,274,28,81,01,058,*6D
$GLGSV,3,3,10,82,06,016,22,83,03,329,16*68
$GNGLL,0419.81108,S,05539.64659,E,080718.00,A,A*62
$GNRMC,080719.00,A,0419.81111,S,05539.64649,E,0.080,,260525,,,A*7D
$GNVTG,,T,,M,0.080,N,0.149,K,A*39
$GNGGA,080719.00,0419.81111,S,05539.64649,E,1,12,0.78,7.1,M,-47.6,M,,*7D
$GNGSA,A,3,25,23,12,15,10,29,18,24,28,,,,1.48,0.78,1.25*16
$GNGSA,A,3,68,79,80,67,82,69,,,,,,,1.48,0.78,1.25*14
$GPGSV,5,1,19,05,02,029,10,10,39,233,29,12,41,153,27,13,05,066,*79
$GPGSV,5,2,19,15,41,078,24,18,20,335,37,23,68,299,25,24,17,141,14*7F
$GPGSV,5,3,19,25,71,194,33,26,04,316,21,28,12,252,26,29,35,022,15*7C
$GPGSV,5,4,19,31,00,273,21,32,11,209,,36,52,277,,40,85,352,*70
$GPGSV,5,5,19,41,58,082,,49,32,274,,50,10,089,*4B
$GLGSV,3,1,10,67,32,049,23,68,63,118,22,69,31,187,25,73,04,314,21*68
$GLGSV,3,2,10,78,03,157,,79,41,194,09,80,44,274,28,81,01,058,*62
$GLGSV,3,3,10,82,06,016,22,83,03,329,16*68
$GNGLL,0419.81111,S,05539.64649,E,080719.00,A,A*6A
$GNRMC,080721.00,A,0419.81113,S,05539.64639,E,0.113,,260525,,,A*78
$GNVTG,,T,,M,0.113,N,0.210,K,A*3D
$GNGGA,080721.00,0419.81113,S,05539.64639,E,1,12,0.80,7.1,M,-47.6,M,,*74
$GNGSA,A,3,25,23,12,15,10,29,18,24,28,,,,1.49,0.80,1.26*13
$GNGSA,A,3,68,79,80,67,82,69,,,,,,,1.49,0.80,1.26*11
$GPGSV,5,1,19,05,02,029,08,10,39,233,29,12,41,153,26,13,05,066,*71
$GPGSV,5,2,19,15,41,078,24,18,20,335,37,23,68,299,23,24,17,141,12*7F
$GPGSV,5,3,19,25,71,194,32,26,04,316,18,28,12,252,27,29,35,022,18*7B
$GPGSV,5,4,19,31,00,273,28,32,11,209,,36,52,277,,40,85,352,*79
$GPGSV,5,5,19,41,58,082,,49,32,274,,50,10,089,*4B
$GLGSV,3,1,10,67,32,049,23,68,63,118,22,69,31,187,24,73,04,314,24*6C
$GLGSV,3,2,10,78,03,157,,79,41,194,10,80,44,274,26,81,01,059,*65
$GLGSV,3,3,10,82,06,016,21,83,03,329,09*65
$GNGLL,0419.81113,S,05539.64639,E,080721.00,A,A*64
$GNRMC,080722.00,A,0419.81113,S,05539.64632,E,0.094,,260525,,,A*7E
$GNVTG,,T,,M,0.094,N,0.174,K,A*32
$GNGSA,A,3,25,23,12,15,10,29,18,24,28,,,,1.48,0.78,1.25*16
$GNGSA,A,3,68,79,80,67,82,69,,,,,,,1.48,0.78,1.25*14
$GPGSV,5,1,19,05,02,029,,10,39,233,28,12,41,153,26,13,05,066,*78
$GPGSV,5,2,19,15,41,078,23,18,20,335,36,23,68,299,22,24,17,141,12*78
$GPGSV,5,3,19,25,71,194,32,26,04,316,16,28,12,252,29,29,35,022,20*70
$GPGSV,5,4,19,31,00,273,29,32,11,209,,36,52,277,,40,85,352,*78
$GPGSV,5,5,19,41,58,082,,49,32,274,,50,10,089,*4B
$GLGSV,3,1,10,67,32,049,22,68,63,118,21,69,31,187,23,73,04,314,26*6B
$GLGSV,3,2,10,78,03,157,,79,41,194,13,80,44,274,25,81,01,059,*65
$GLGSV,3,3,10,82,06,016,20,83,03,329,12*6E
$GNGLL,0419.81113,S,05539.64632,E,080722.00,A,A*6C
$GNRMC,080723.00,A,0419.81112,S,05539.64624,E,0.106,,260525,,,A*73
$GNVTG,,T,,M,0.106,N,0.196,K,A*34
$GNGGA,080723.00,0419.81112,S,05539.64624,E,1,12,0.78,7.2,M,-47.6,M,,*7F
$GNGSA,A,3,25,23,12,15,10,29,18,24,28,,,,1.48,0.78,1.25*16
$GNGSA,A,3,68,79,80,67,82,69,,,,,,,1.48,0.78,1.25*14
$GPGSV,5,1,19,05,02,029,,10,39,233,27,12,41,153,26,13,05,066,*77
$GPGSV,5,2,19,15,41,078,24,18,20,335,37,23,68,299,22,24,17,141,10*7C
$GPGSV,5,3,19,25,71,194,32,26,04,316,16,28,12,252,29,29,35,022,20*70
$GPGSV,5,4,19,31,00,273,29,32,11,209,,36,52,277,,40,85,352,*78
$GPGSV,5,5,19,41,58,082,,49,32,274,,50,10,089,*4B
$GLGSV,3,1,10,67,32,049,22,68,63,118,21,69,31,187,23,73,04,314,26*6B
$GLGSV,3,2,10,78,03,157,,79,41,194,14,80,44,274,25,81,01,059,*62
$GLGSV,3,3,10,82,06,016,19,83,03,330,07*68
$GNGLL,0419.81112,S,05539.64624,E,080723.00,A,A*6B
$GNRMC,080724.00,A,0419.81110,S,05539.64621,E,0.092,,260525,,,A*7F
$GNVTG,,T,,M,0.092,N,0.170,K,A*30
$GNGGA,080724.00,0419.81110,S,05539.64621,E,1,12,0.80,7.3,M,-47.6,M,,*79
$GNGSA,A,3,25,23,12,15,10,29,18,24,28,,,,1.49,0.80,1.26*13
$GNGSA,A,3,68,79,80,67,82,69,,,,,,,1.49,0.80,1.26*11
$GPGSV,5,1,19,05,02,029,07,10,39,233,27,12,41,153,26,13,05,066,*70
$GPGSV,5,2,19,15,41,078,23,18,20,335,36,23,68,299,22,24,17,141,12*78
$GPGSV,5,3,19,25,71,194,32,26,04,316,16,28,12,252,29,29,35,022,20*70
$GPGSV,5,4,19,31,00,273,30,32,11,209,,36,52,277,,40,85,352,*70
$GPGSV,5,5,19,41,58,082,,49,32,274,,50,10,089,*4B
$GLGSV,3,1,10,67,32,049,21,68,63,118,22,69,31,187,23,73,04,314,26*6B
$GLGSV,3,2,10,78,03,157,,79,41,194,08,80,44,274,24,81,01,059,*6E
$GLGSV,3,3,10,82,06,016,19,83,03,330,12*6C
$GNGLL,0419.81110,S,05539.64621,E,080724.00,A,A*6B
$GNRMC,080725.00,A,0419.81110,S,05539.64619,E,0.059,,260525,,,A*72
$GNVTG,,T,,M,0.059,N,0.109,K,A*39
$GNGGA,080725.00,0419.81110,S,05539.64619,E,1,12,0.78,7.2,M,-47.6,M,,*75
$GNGSA,A,3,25,23,12,15,10,29,18,24,28,,,,1.48,0.78,1.25*16
$GNGSA,A,3,68,79,80,67,82,69,,,,,,,1.48,0.78,1.25*14
$GPGSV,5,1,19,05,02,029,08,10,39,233,27,12,41,153,24,13,05,066,*7D
$GPGSV,5,2,19,15,41,078,23,18,20,335,36,23,68,299,24,24,17,141,13*7F
$GPGSV,5,3,19,25,71,194,33,26,04,316,20,28,12,252,29,29,35,022,21*75
$GPGSV,5,4,19,31,00,273,30,32,11,209,,36,52,277,,40,85,352,*70
$GPGSV,5,5,19,41,58,082,,49,32,274,,50,10,089,*4B
$GLGSV,3,1,10,67,32,049,21,68,63,118,22,69,31,187,23,73,04,314,26*6B
$GLGSV,3,2,10,78,03,157,,79,41,194,10,80,44,274,24,81,01,059,*67
$GLGSV,3,3,10,82,06,016,19,83,03,330,10*6E
$GNGLL,0419.81110,S,05539.64619,E,080725.00,A,A*61
$GNRMC,080726.00,A,0419.81108,S,05539.64615,E,0.119,,260525,,,A*71
$GNVTG,,T,,M,0.119,N,0.220,K,A*34
$GNGGA,080726.00,0419.81108,S,05539.64615,E,1,12,0.78,7.2,M,-47.6,M,,*73
$GNGSA,A,3,25,23,12,15,10,29,18,24,28,,,,1.48,0.78,1.25*16
$GNGSA,A,3,68,79,80,67,82,69,,,,,,,1.48,0.78,1.25*14
$GPGSV,5,1,19,05,02,029,12,10,39,233,27,12,41,153,24,13,05,066,*76
$GPGSV,5,2,19,15,41,078,23,18,20,335,37,23,68,299,25,24,17,141,13*7F
$GPGSV,5,3,19,25,71,194,33,26,04,316,23,28,12,252,28,29,35,022,21*77
$GPGSV,5,4,19,31,00,273,30,32,11,209,,36,52,277,,40,85,352,*70
$GPGSV,5,5,19,41,58,082,,49,32,274,,50,10,089,*4B
$GLGSV,3,1,10,67,32,049,20,68,63,118,21,69,31,187,23,73,04,314,26*69
$GLGSV,3,2,10,78,03,157,,79,41,194,08,80,44,274,25,81,01,059,*6F
$GLGSV,3,3,10,82,06,016,18,83,03,330,12*6D
$GNGLL,0419.81108,S,05539.64615,E,080726.00,A,A*67
$GNRMC,080728.00,A,0419.81106,S,05539.64610,E,0.125,,260525,,,A*7B
$GNVTG,,T,,M,0.125,N,0.231,K,A*3B
$GNGGA,080728.00,0419.81106,S,05539.64610,E,1,12,0.78,7.4,M,-47.6,M,,*70
$GNGSA,A,3,25,23,12,15,10,29,18,24,28,,,,1.48,0.78,1.25*16
$GNGSA,A,3,68,79,80,67,82,69,,,,,,,1.48,0.78,1.25*14
$GPGSV,5,1,19,05,02,029,12,10,39,233,27,12,41,153,22,13,05,066,*70
$GPGSV,5,2,19,15,41,078,25,18,20,335,38,23,68,299,24,24,17,141,14*70
$GPGSV,5,3,19,25,71,194,30,26,04,316,27,28,12,252,27,29,35,022,24*7A
$GPGSV,5,4,19,31,00,273,29,32,11,209,,36,52,277,,40,85,352,*78
$GPGSV,5,5,19,41,58,082,,49,32,274,,50,10,089,*4B
$GLGSV,3,1,10,67,32,049,18,68,63,118,21,69,31,187,21,73,04,314,24*62
$GLGSV,3,2,10,78,03,157,,79,41,194,13,80,44,274,27,81,01,059,*67
$GLGSV,3,3,10,82,06,016,19,83,03,330,10*6E
$GNGLL,0419.81106,S,05539.64610,E,080728.00,A,A*62
$GNRMC,080729.00,A,0419.81104,S,05539.64613,E,0.224,,260525,,,A*79
$GNVTG,,T,,M,0.224,N,0.416,K,A*3A
$GNGGA,080729.00,0419.81104,S,05539.64613,E,1,12,0.78,7.5,M,-47.6,M,,*71
$GNGSA,A,3,25,23,12,15,10,29,18,24,28,,,,1.48,0.78,1.25*16
$GNGSA,A,3,68,79,80,67,82,69,,,,,,,1.48,0.78,1.25*14
$GPGSV,5,1,19,05,02,029,09,10,39,233,28,12,41,153,23,13,05,066,*74
$GPGSV,5,2,19,15,41,078,24,18,20,335,36,23,68,299,22,24,17,141,13*7E
$GPGSV,5,3,19,25,71,194,30,26,04,316,27,28,12,252,26,29,35,022,23*7C
$GPGSV,5,4,19,31,00,273,30,32,11,209,,36,52,277,,40,85,352,*70
$GPGSV,5,5,19,41,58,082,,49,32,274,,50,10,089,*4B
$GLGSV,3,1,10,67,32,049,16,68,63,118,20,69,31,187,20,73,04,314,23*6B
$GLGSV,3,2,10,78,03,157,,79,41,194,19,80,44,274,28,81,01,059,*62
$GLGSV,3,3,10,82,06,016,20,83,03,330,14*60
$GNGLL,0419.81104,S,05539.64613,E,080729.00,A,A*62
$GNRMC,080730.00,A,0419.81101,S,05539.64611,E,0.266,,260525,,,A*70
$GNVTG,,T,,M,0.266,N,0.492,K,A*30
$GNGGA,080730.00,0419.81101,S,05539.64611,E,1,12,0.69,8.0,M,-47.6,M,,*74
$GNGSA,A,3,25,23,12,15,10,29,18,24,28,,,,1.30,0.69,1.10*1F
$GNGSA,A,3,68,79,80,67,82,69,,,,,,,1.30,0.69,1.10*1D
$GPGSV,5,1,19,05,02,029,08,10,39,233,28,12,41,153,24,13,05,066,*72
$GPGSV,5,2,19,15,41,078,22,18,20,335,37,23,68,299,21,24,17,141,16*7F
$GPGSV,5,3,19,25,71,194,30,26,04,316,28,28,12,252,27,29,35,022,20*71
$GPGSV,5,4,19,31,00,273,30,32,11,209,,36,52,277,,40,85,352,*70
$GPGSV,5,5,19,41,58,082,,49,32,274,,50,10,089,*4B
$GLGSV,3,1,10,67,32,049,15,68,63,118,19,69,31,187,20,73,04,314,23*62
$GLGSV,3,2,10,78,03,157,,79,41,194,25,80,44,274,29,81,01,059,*6C
$GLGSV,3,3,10,82,06,016,20,83,03,330,13*67
$GNGLL,0419.81101,S,05539.64611,E,080730.00,A,A*6D
$GNRMC,080732.00,A,0419.81096,S,05539.64614,E,0.140,,260525,,,A*7F
$GNVTG,,T,,M,0.140,N,0.260,K,A*3C
$GNGGA,080732.00,0419.81096,S,05539.64614,E,1,12,0.72,8.2,M,-47.6,M,,*74
$GNGSA,A,3,25,23,12,15,10,29,18,24,28,,,,1.32,0.72,1.10*17
$GNGSA,A,3,68,79,80,67,82,69,,,,,,,1.32,0.72,1.10*15
$GPGSV,5,1,19,05,02,029,11,10,39,233,30,12,41,153,26,13,05,066,*71
$GPGSV,5,2,19,15,41,078,22,18,20,335,36,23,68,299,20,24,17,141,16*7F
$GPGSV,5,3,19,25,71,194,30,26,04,316,26,28,12,252,26,29,35,022,21*7F
$GPGSV,5,4,19,31,00,273,28,32,11,209,,36,52,277,,40,85,352,*79
$GPGSV,5,5,19,41,58,082,,49,32,274,,50,10,089,*4B
$GLGSV,3,1,10,67,32,049,13,68,63,118,19,69,31,187,20,73,04,314,25*62
$GLGSV,3,2,10,78,03,157,,79,41,194,23,80,44,274,29,81,01,059,*6A
$GLGSV,3,3,10,82,06,016,19,83,03,330,16*68
$GNGLL,0419.81096,S,05539.64614,E,080732.00,A,A*65
$GNRMC,080733.00,A,0419.81092,S,05539.64603,E,0.078,,260525,,,A*76
$GNVTG,,T,,M,0.078,N,0.144,K,A*33
$GNGGA,080733.00,0419.81092,S,05539.64603,E,1,12,0.72,8.5,M,-47.6,M,,*70
$GNGSA,A,3,25,23,12,15,10,29,18,24,28,,,,1.32,0.72,1.10*17
$GNGSA,A,3,68,79,80,67,82,69,,,,,,,1.32,0.72,1.10*15
$GPGSV,5,1,19,05,02,029,11,10,39,233,30,12,41,153,26,13,05,066,*71
$GPGSV,5,2,19,15,41,078,22,18,20,335,36,23,68,299,20,24,17,141,17*7E
$GPGSV,5,3,19,25,71,194,29,26,04,316,26,28,12,252,25,29,35,022,23*76
$GPGSV,5,4,19,31,00,273,28,32,11,209,,36,52,277,,40,85,352,*79
$GPGSV,5,5,19,41,58,082,,49,32,274,,50,10,089,*4B
$GLGSV,3,1,10,67,32,049,11,68,63,118,18,69,31,187,21,73,04,314,26*63
$GLGSV,3,2,10,78,03,157,,79,41,194,21,80,44,274,30,81,01,059,*60
$GLGSV,3,3,10,82,06,016,20,83,03,330,15*61
$GNGLL,0419.81092,S,05539.64603,E,080733.00,A,A*66
$GNRMC,080734.00,A,0419.81092,S,05539.64608,E,0.157,,260525,,,A*76
$GNVTG,,T,,M,0.157,N,0.290,K,A*35
$GNGGA,080734.00,0419.81092,S,05539.64608,E,1,12,0.72,8.5,M,-47.6,M,,*7C
$GNGSA,A,3,25,23,12,15,10,29,18,24,28,,,,1.32,0.72,1.10*17
$GNGSA,A,3,68,79,80,67,82,69,,,,,,,1.32,0.72,1.10*15
$GPGSV,5,1,19,05,02,029,12,10,39,233,30,12,41,153,26,13,05,066,*72
$GPGSV,5,2,19,15,41,078,21,18,20,335,36,23,68,299,20,24,17,141,16*7C
$GPGSV,5,3,19,25,71,194,30,26,04,316,26,28,12,252,25,29,35,022,23*7E
$GPGSV,5,4,19,31,00,273,28,32,11,209,,36,52,277,,40,85,352,*79
$GPGSV,5,5,19,41,58,082,,49,32,274,,50,10,089,*4B
$GLGSV,3,1,10,67,32,049,10,68,63,118,18,69,31,187,21,73,04,314,27*63
$GLGSV,3,2,10,78,03,157,,79,41,194,19,80,44,274,30,81,01,059,*6B
$GLGSV,3,3,10,82,06,016,20,83,03,330,15*61
$GNGLL,0419.81092,S,05539.64608,E,080734.00,A,A*6A
$GNRMC,080735.00,A,0419.81091,S,05539.64608,E,0.010,,260525,,,A*76
$GNVTG,,T,,M,0.010,N,0.018,K,A*35
$GNGGA,080735.00,0419.81091,S,05539.64608,E,1,12,0.69,8.6,M,-47.6,M,,*77
$GNGSA,A,3,25,23,12,15,10,29,18,24,28,,,,1.30,0.69,1.10*1F
$GNGSA,A,3,68,79,80,67,82,69,,,,,,,1.30,0.69,1.10*1D
$GPGSV,5,1,19,05,02,029,13,10,39,233,30,12,41,153,26,13,05,066,*73
$GPGSV,5,2,19,15,41,078,21,18,20,335,36,23,68,299,19,24,17,141,15*75
$GPGSV,5,3,19,25,71,194,30,26,04,316,27,28,12,252,26,29,35,022,25*7A
$GPGSV,5,4,19,31,00,273,28,32,11,209,,36,52,277,,40,85,352,*79
$GPGSV,5,5,19,41,58,082,,49,32,274,,50,10,089,*4B
$GLGSV,3,1,10,67,32,049,10,68,63,118,18,69,31,187,21,73,04,314,27*63
$GLGSV,3,2,10,78,03,157,,79,41,194,19,80,44,274,30,81,01,059,*6B
$GLGSV,3,3,10,82,06,016,18,83,03,330,16*69
$GNGLL,0419.81091,S,05539.64608,E,080735.00,A,A*68
$GPGSV,5,3,19,25,71,194,30,26,04,316,29,28,12,252,26,29,35,022,26*77
$GNRMC,080738.00,A,0419.81091,S,05539.64600,E,0.129,,260525,,,A*78
$GNVTG,,T,,M,0.129,N,0.239,K,A*3F
$GNGGA,080738.00,0419.81091,S,05539.64600,E,1,12,0.72,8.8,M,-47.6,M,,*76
$GNGSA,A,3,25,23,12,15,10,29,18,24,28,,,,1.32,0.72,1.10*17
$GNGSA,A,3,68,79,80,67,82,69,,,,,,,1.32,0.72,1.10*15
$GPGSV,5,1,19,05,02,029,16,10,40,233,31,12,41,153,25,13,05,066,*7A
$GPGSV,5,2,19,15,41,078,17,18,20,335,37,23,68,299,21,24,17,141,14*7B
$GPGSV,5,3,19,25,71,194,29,26,04,316,27,28,12,252,27,29,35,022,26*70
$GPGSV,5,4,19,31,00,273,25,32,11,209,,36,52,277,,40,85,352,*74
$GPGSV,5,5,19,41,58,082,,49,32,274,,50,10,089,*4B
$GLGSV,3,1,10,67,32,049,15,68,63,118,19,69,31,187,20,73,04,314,26*67
$GLGSV,3,2,10,78,03,157,,79,41,194,17,80,44,274,30,81,01,059,*65
$GLGSV,3,3,10,82,06,016,15,83,03,330,16*64
$GNGLL,0419.81091,S,05539.64600,E,080738.00,A,A*6D
$GNRMC,080740.00,A,0419.81089,S,05539.64593,E,0.044,,260525,,,A*7D
$GNVTG,,T,,M,0.044,N,0.082,K,A*37
$GNGGA,080740.00,0419.81089,S,05539.64593,E,1,12,0.69,8.8,M,-47.6,M,,*73
$GNGSA,A,3,25,23,12,15,10,29,18,24,28,,,,1.30,0.69,1.10*1F
$GNGSA,A,3,68,79,80,67,82,69,,,,,,,1.30,0.69,1.10*1D
$GPGSV,5,1,19,05,02,029,16,10,40,233,31,12,40,153,26,13,05,066,*78
$GPGSV,5,2,19,15,41,078,16,18,20,335,38,23,68,299,22,24,17,141,17*75
$GPGSV,5,3,19,25,71,194,28,26,04,316,26,28,12,252,27,29,35,022,27*71
$GPGSV,5,4,19,31,00,273,23,32,11,209,,36,52,277,,40,85,352,*72
$GPGSV,5,5,19,41,58,082,,49,32,274,,50,10,089,*4B
$GLGSV,3,1,10,67,32,049,09,68,63,118,21,69,31,187,19,73,04,314,25*68
$GLGSV,3,2,10,78,03,157,,79,41,194,15,80,44,274,30,81,01,059,*67
$GLGSV,3,3,10,82,06,016,16,83,03,330,15*64
$GNGLL,0419.81089,S,05539.64593,E,080740.00,A,A*62
$GNRMC,080741.00,A,0419.81089,S,05539.64584,E,0.105,,260525,,,A*7E
$GNVTG,,T,,M,0.105,N,0.195,K,A*34
$GNGGA,080741.00,0419.81089,S,05539.64584,E,1,12,0.69,8.8,M,-47.6,M,,*74
$GNGSA,A,3,25,23,12,15,10,29,18,24,28,,,,1.30,0.69,1.10*1F
$GNGSA,A,3,68,79,80,67,82,69,,,,,,,1.30,0.69,1.10*1D
$GPGSV,5,1,19,05,02,029,16,10,40,233,31,12,40,153,26,13,05,065,*7B
$GPGSV,5,2,19,15,41,078,15,18,20,335,38,23,68,299,23,24,17,141,17*77
$GPGSV,5,3,19,25,71,194,27,26,04,316,25,28,12,252,27,29,35,022,28*72
$GPGSV,5,4,19,31,00,273,23,32,11,209,,36,52,277,,40,85,352,*72
$GPGSV,5,5,19,41,58,082,,49,32,274,,50,10,089,*4B
$GLGSV,3,1,10,67,32,049,10,68,63,118,20,69,31,187,18,73,04,314,24*61
$GLGSV,3,2,10,78,03,157,,79,41,194,16,80,44,274,30,81,01,059,*64
$GLGSV,3,3,10,82,06,016,15,83,03,330,16*64
$GNGLL,0419.81089,S,05539.64584,E,080741.00,A,A*65
$GNRMC,080746.00,A,0419.81099,S,05539.64571,E,0.103,,260525,,,A*74
$GNVTG,,T,,M,0.103,N,0.191,K,A*36
$GNGGA,080746.00,0419.81099,S,05539.64571,E,1,12,0.69,8.1,M,-47.6,M,,*71
$GNGSA,A,3,25,23,12,15,10,29,18,24,28,,,,1.30,0.69,1.10*1F
$GNGSA,A,3,68,79,80,67,82,69,,,,,,,1.30,0.69,1.10*1D
$GPGSV,5,1,19,05,02,029,08,10,40,233,31,12,40,153,25,13,05,065,*77
$GPGSV,5,2,19,15,41,077,19,18,20,336,38,23,68,299,24,24,17,141,15*72
$GPGSV,5,3,19,25,71,194,27,26,04,316,27,28,12,252,28,29,35,022,30*76
$GPGSV,5,4,19,31,00,273,21,32,11,209,,36,52,277,,40,85,352,*70
$GPGSV,5,5,19,41,58,082,,49,32,274,,50,10,089,*4B
$GLGSV,3,1,10,67,32,049,14,68,63,118,22,69,31,187,18,73,04,314,26*65
$GLGSV,3,2,10,78,03,157,,79,41,194,18,80,44,274,29,81,01,059,*62
$GLGSV,3,3,10,82,06,016,12,83,03,330,19*6C
$GNGLL,0419.81099,S,05539.64571,E,080746.00,A,A*69
$GNRMC,080747.00,A,0419.81102,S,05539.64566,E,0.018,,260525,,,A*7B
$GNVTG,,T,,M,0.018,N,0.034,K,A*33
$GNGGA,080747.00,0419.81102,S,05539.64566,E,1,12,0.69,8.1,M,-47.6,M,,*75
$GNGSA,A,3,25,23,12,15,10,29,18,24,28,,,,1.30,0.69,1.10*1F
$GNGSA,A,3,68,79,80,67,82,69,,,,,,,1.30,0.69,1.10*1D
$GPGSV,5,1,19,05,02,029,09,10,40,233,31,12,40,153,25,13,05,065,*76
$GPGSV,5,2,19,15,41,077,19,18,20,336,38,23,68,299,22,24,17,141,15*74
$GPGSV,5,3,19,25,71,194,26,26,04,316,26,28,12,252,28,29,35,022,30*76
$GPGSV,5,4,19,31,00,273,21,32,11,209,,36,52,277,,40,85,352,*70
$GPGSV,5,5,19,41,58,082,,49,32,274,,50,10,089,*4B
$GLGSV,3,1,10,67,32,049,19,68,63,118,22,69,31,187,19,73,04,314,26*69
$GLGSV,3,2,10,78,03,157,,79,41,194,19,80,44,274,29,81,01,059,*63
$GLGSV,3,3,10,82,06,016,08,83,03,330,16*68
$GNGLL,0419.81102,S,05539.64566,E,080747.00,A,A*6D
$GNRMC,080748.00,A,0419.81105,S,05539.64565,E,0.079,,260525,,,A*77
$GNVTG,,T,,M,0.079,N,0.146,K,A*30
$GNGGA,080748.00,0419.81105,S,05539.64565,E,1,12,0.72,7.9,M,-47.6,M,,*73
$GNGSA,A,3,25,23,12,15,10,29,18,24,28,,,,1.44,0.72,1.25*10
$GNGSA,A,3,68,79,80,67,82,69,,,,,,,1.44,0.72,1.25*12
$GPGSV,5,1,19,05,02,029,13,10,40,233,30,12,40,153,25,13,05,065,*7C
$GPGSV,5,2,19,15,41,077,20,18,20,336,39,23,68,299,20,24,17,141,15*7D
$GPGSV,5,3,19,25,71,194,26,26,04,316,25,28,12,252,28,29,35,022,30*75
$GPGSV,5,4,19,31,00,273,21,32,11,209,,36,52,277,,40,85,352,*70
$GPGSV,5,5,19,41,58,082,,49,32,274,,50,10,089,*4B
$GLGSV,3,1,10,67,32,049,15,68,63,118,23,69,31,187,18,73,04,314,26*65
$GLGSV,3,2,10,78,03,157,,79,41,194,19,80,44,274,29,81,01,059,*63
$GLGSV,3,3,10,82,06,016,08,83,03,330,15*6B
$GNGLL,0419.81105,S,05539.64565,E,080748.00,A,A*66
$GNRMC,080749.00,A,0419.81108,S,05539.64571,E,0.131,,260525,,,A*73
$GNVTG,,T,,M,0.131,N,0.242,K,A*3A
$GNGGA,080749.00,0419.81108,S,05539.64571,E,1,12,0.72,7.7,M,-47.6,M,,*74
$GNGSA,A,3,25,23,12,15,10,29,18,24,28,,,,1.44,0.72,1.25*10
$GNGSA,A,3,68,79,80,67,82,69,,,,,,,1.44,0.72,1.25*12
$GPGSV,5,1,19,05,02,029,14,10,40,233,29,12,40,153,25,13,05,065,*73
$GPGSV,5,2,19,15,41,077,22,18,20,336,39,23,68,299,18,24,17,141,16*77
$GPGSV,5,3,19,25,71,194,26,26,04,316,26,28,12,252,28,29,35,022,30*76
$GPGSV,5,4,19,31,00,273,20,32,11,209,,36,52,277,,40,85,352,*71
$GPGSV,5,5,19,41,58,082,,49,32,274,,50,10,089,*4B
$GLGSV,3,1,10,67,32,049,16,68,63,118,23,69,31,187,19,73,04,314,27*66
$GLGSV,3,2,10,78,03,157,,79,41,194,20,80,44,274,30,81,01,059,*61
$GLGSV,3,3,10,82,06,016,07,83,03,330,14*65
$GNGLL,0419.81108,S,05539.64571,E,080749.00,A,A*6F
$GNRMC,080750.00,A,0419.81105,S,05539.64563,E,0.182,,260525,,,A*7D
$GNVTG,,T,,M,0.182,N,0.337,K,A*31
$GNGGA,080750.00,0419.81105,S,05539.64563,E,1,12,0.72,7.9,M,-47.6,M,,*7C
$GNGSA,A,3,25,23,12,15,10,29,18,24,28,,,,1.44,0.72,1.25*10
$GNGSA,A,3,68,79,80,67,82,69,,,,,,,1.44,0.72,1.25*12
$GPGSV,5,1,19,05,02,029,13,10,40,233,29,12,40,153,24,13,05,065,*75
$GPGSV,5,2,19,15,41,077,22,18,20,336,39,23,68,300,16,24,17,141,15*7B
$GPGSV,5,3,19,25,71,194,26,26,04,316,26,28,12,252,27,29,35,022,29*71
$GPGSV,5,4,19,31,00,273,20,32,11,209,,36,52,277,,40,85,352,*71
$GPGSV,5,5,19,41,58,082,,49,32,274,,50,10,089,*4B
$GLGSV,3,1,10,67,32,049,16,68,63,118,23,69,31,187,20,73,04,314,27*6C
$GLGSV,3,2,10,78,03,157,,79,41,194,20,80,44,274,30,81,01,059,*61
$GLGSV,3,3,10,82,06,016,11,83,03,330,15*63
$GNGLL,0419.81105,S,05539.64563,E,080750.00,A,A*69
$GNGSA,A,3,68,79,80,67,69,,,,,,,,1.44,0.72,1.25*18
$GPGSV,5,1,19,05,02,029,10,10,40,233,28,12,40,153,23,13,05,065,*70
$GPGSV,5,2,19,15,41,077,21,18,20,336,39,23,68,300,13,24,17,141,15*7D
$GPGSV,5,3,19,25,71,194,27,26,04,316,27,28,12,252,28,29,35,022,29*7E
$GPGSV,5,4,19,31,00,273,18,32,11,209,,36,52,277,,40,85,352,*7A
$GPGSV,5,5,19,41,58,082,,49,32,274,,50,10,089,*4B
$GLGSV,3,1,10,67,32,049,17,68,63,118,23,69,31,187,20,73,04,314,27*6D
$GLGSV,3,2,10,78,03,157,,79,41,194,18,80,44,274,31,81,01,059,*6B
$GLGSV,3,3,10,82,06,016,07,83,03,330,18*69
$GNGLL,0419.81102,S,05539.64554,E,080751.00,A,A*6B
$GNRMC,080752.00,A,0419.81107,S,05539.64559,E,0.061,,260525,,,A*78
$GNVTG,,T,,M,0.061,N,0.113,K,A*39
$GNGGA,080752.00,0419.81107,S,05539.64559,E,1,12,0.72,7.8,M,-47.6,M,,*74
$GNGSA,A,3,25,23,12,15,10,29,18,24,28,,,,1.44,0.72,1.25*10
$GNGSA,A,3,68,79,80,67,82,69,,,,,,,1.44,0.72,1.25*12
$GPGSV,5,1,19,05,02,029,09,10,40,233,28,12,40,153,23,13,05,065,*78
$GPGSV,5,2,19,15,41,077,21,18,20,336,39,23,68,300,10,24,17,141,16*7D
$GPGSV,5,3,19,25,71,193,26,26,04,316,29,28,12,252,27,29,35,022,29*79
$GPGSV,5,4,19,31,00,273,18,32,11,209,,36,52,277,,40,85,352,*7A
$GPGSV,5,5,19,41,58,082,,49,32,274,,50,10,089,*4B
$GLGSV,3,1,10,67,32,049,17,68,63,118,23,69,31,187,21,73,04,314,28*63
$GLGSV,3,2,10,78,03,157,,79,41,194,17,80,44,274,31,81,01,059,*64
$GLGSV,3,3,10,82,06,016,15,83,03,330,20*61
$GNGLL,0419.81107,S,05539.64559,E,080752.00,A,A*60
$GNGLL,0419.81113,S,05539.64560,E,080753.00,A,A*6E
$GNRMC,080754.00,A,0419.81126,S,05539.64576,E,0.387,,260525,,,A*7B
$GNVTG,,T,,M,0.387,N,0.717,K,A*30
$GNGGA,080754.00,0419.81126,S,05539.64576,E,1,12,0.72,7.3,M,-47.6,M,,*77
$GNGSA,A,3,25,23,12,15,10,29,18,24,28,,,,1.44,0.72,1.25*10
$GPGSV,5,1,19,05,02,029,13,10,40,233,27,12,40,153,24,13,05,065,*7B
$GPGSV,5,2,19,15,41,077,21,18,20,336,39,23,68,300,16,24,17,141,16*7B
$GPGSV,5,3,19,25,71,193,23,26,05,315,28,28,12,252,26,29,35,022,31*77
$GPGSV,5,4,19,31,00,273,16,32,11,209,,36,52,277,,40,85,352,*74
$GPGSV,5,5,19,41,58,082,,49,32,274,,50,10,089,*4B
$GLGSV,3,1,10,67,32,049,17,68,63,118,22,69,31,187,23,73,04,314,28*60
$GLGSV,3,2,10,78,03,157,,79,41,194,16,80,44,274,30,81,01,059,*64
$GLGSV,3,3,10,82,06,016,07,83,03,330,20*62
$GNGLL,0419.81126,S,05539.64576,E,080754.00,A,A*68
$GNRMC,080755.00,A,0419.81130,S,05539.64580,E,0.050,,260525,,,A*7D
$GNVTG,,T,,M,0.050,N,0.092,K,A*33
$GNGGA,080755.00,0419.81130,S,05539.64580,E,1,12,0.72,7.2,M,-47.6,M,,*79
$GNGSA,A,3,25,23,12,15,10,29,18,24,28,,,,1.44,0.72,1.25*10
$GNGSA,A,3,68,79,80,67,82,69,,,,,,,1.44,0.72,1.25*12
$GPGSV,5,1,19,05,02,029,11,10,40,233,27,12,40,153,23,13,05,065,*7E
$GPGSV,5,2,19,15,41,077,21,18,20,336,39,23,68,300,18,24,17,141,15*76
$GPGSV,5,3,19,25,71,193,23,26,05,315,27,28,12,251,26,29,35,022,30*7A
$GPGSV,5,4,19,31,00,273,15,32,11,209,,36,52,277,,40,85,352,*77
$GPGSV,5,5,19,41,58,082,,49,32,274,,50,10,089,*4B
$GLGSV,3,1,10,67,32,049,18,68,63,118,21,69,31,187,25,73,04,314,28*6A
$GLGSV,3,2,10,78,03,157,,79,41,194,19,80,44,274,31,81,01,059,*6A
$GLGSV,3,3,10,82,06,016,12,83,03,330,19*6C
$GNGLL,0419.81130,S,05539.64580,E,080755.00,A,A*67
$GNGLL,0419.81133,S,05539.64584,E,080756.00,A,A*63
$GNRMC,080757.00,A,0419.81136,S,05539.64582,E,0.050,,260525,,,A*7B
$GNVTG,,T,,M,0.050,N,0.093,K,A*32
$GNGGA,080757.00,0419.81136,S,05539.64582,E,1,12,0.71,7.2,M,-47.6,M,,*7C
$GNGSA,A,3,25,23,12,15,10,29,18,24,28,,,,1.44,0.71,1.25*13
$GNGSA,A,3,68,79,80,67,82,69,,,,,,,1.44,0.71,1.25*11
$GPGSV,5,1,19,05,02,029,09,10,40,233,25,12,40,153,25,13,05,065,*73
$GPGSV,5,2,19,15,41,077,19,18,20,336,38,23,68,300,16,24,17,141,15*72
$GPGSV,5,3,19,25,71,193,21,26,05,315,25,28,12,251,27,29,35,022,31*7A
$GPGSV,5,4,19,31,00,273,17,32,11,209,,36,52,277,,40,85,352,*75
$GPGSV,5,5,19,41,58,082,,49,32,274,,50,10,089,*4B
$GLGSV,3,1,10,67,32,049,18,68,63,118,22,69,31,187,25,73,04,314,28*69
$GLGSV,3,2,10,78,03,157,,79,41,194,20,80,44,274,31,81,01,059,*60
$GLGSV,3,3,10,82,06,016,12,83,03,330,15*60
$GNGLL,0419.81136,S,05539.64582,E,080757.00,A,A*61
$GNRMC,080758.00,A,0419.81143,S,05539.64583,E,0.015,,260525,,,A*76
$GNVTG,,T,,M,0.015,N,0.028,K,A*33
$GNGGA,080758.00,0419.81143,S,05539.64583,E,1,12,0.71,7.0,M,-47.6,M,,*72
$GNGSA,A,3,25,23,12,15,10,29,18,24,28,,,,1.44,0.71,1.25*13
$GNGSA,A,3,68,79,80,67,82,69,,,,,,,1.44,0.71,1.25*11
$GPGSV,5,1,19,05,02,029,12,10,40,233,24,12,40,153,26,13,05,065,*7B
$GPGSV,5,2,19,15,41,077,20,18,20,336,38,23,68,300,14,24,17,141,15*7A
$GPGSV,5,3,19,25,71,193,19,26,05,315,25,28,12,251,27,29,35,022,31*71
$GPGSV,5,4,19,31,00,272,17,32,11,209,,36,52,277,,40,85,352,*74
$GPGSV,5,5,19,41,58,082,,49,32,274,,50,10,089,*4B
$GLGSV,3,1,10,67,32,049,17,68,63,118,22,69,31,187,25,73,04,314,28*66
$GLGSV,3,2,10,78,03,157,,79,41,194,19,80,44,274,31,81,01,059,*6A
$GLGSV,3,3,10,82,06,016,13,83,03,330,16*62
$GNGLL,0419.81143,S,05539.64583,E,080758.00,A,A*6D
$GNRMC,080759.00,A,0419.81145,S,05539.64579,E,0.108,,260525,,,A*79
$GNVTG,,T,,M,0.108,N,0.199,K,A*35
$GNGGA,080759.00,0419.81145,S,05539.64579,E,1,12,0.69,7.1,M,-47.6,M,,*78
$GNGSA,A,3,25,23,12,15,10,29,18,24,28,,,,1.30,0.69,1.10*1F
$GNGSA,A,3,68,79,80,67,82,69,,,,,,,1.30,0.69,1.10*1D
$GPGSV,5,1,19,05,02,029,09,10,40,233,24,12,40,153,27,13,05,065,*70
$GPGSV,5,2,19,15,41,077,21,18,20,336,37,23,68,300,12,24,17,141,15*72
$GPGSV,5,3,19,25,71,193,16,26,05,315,26,28,12,251,25,29,35,022,31*7F
$GPGSV,5,4,19,31,00,272,16,32,11,209,,36,52,277,,40,85,352,*75
$GPGSV,5,5,19,41,58,082,,49,32,274,,50,10,089,*4B
$GLGSV,3,1,10,67,32,049,17,68,63,118,22,69,31,187,25,73,04,314,28*66
$GLGSV,3,2,10,78,03,157,,79,41,194,16,80,44,274,32,81,01,059,*66
$GLGSV,3,3,10,82,06,016,12,83,03,330,19*6C
$GNGLL,0419.81145,S,05539.64579,E,080759.00,A,A*6F
$GNRMC,080800.00,A,0419.81148,S,05539.64577,E,0.089,,260525,,,A*71
$GNVTG,,T,,M,0.089,N,0.164,K,A*3F
$GNGGA,080800.00,0419.81148,S,05539.64577,E,1,12,0.71,7.2,M,-47.6,M,,*72
$GNGSA,A,3,25,23,12,15,10,29,18,24,28,,,,1.44,0.71,1.25*13
$GNGSA,A,3,68,79,80,67,82,69,,,,,,,1.44,0.71,1.25*11
$GPGSV,5,1,19,05,02,029,10,10,40,233,25,12,40,153,27,13,05,065,*79
$GPGSV,5,2,19,15,41,077,20,18,20,336,38,23,68,300,15,24,17,141,15*7B
$GPGSV,5,3,19,25,71,193,14,26,05,315,27,28,12,251,26,29,35,022,32*7C
$GPGSV,5,4,19,31,00,272,15,32,11,209,,36,52,277,,40,85,352,*76
$GPGSV,5,5,19,41,58,082,,49,32,274,,50,10,089,*4B
$GLGSV,3,1,10,67,32,049,17,68,63,118,22,69,31,187,25,73,04,314,27*69
$GLGSV,3,2,10,78,03,157,,79,41,194,17,80,44,274,31,81,01,059,*64
$GLGSV,3,3,10,82,06,016,11,83,03,330,20*65
$GNGLL,0419.81148,S,05539.64577,E,080800.00,A,A*6F
$GNGGA,080801.00,0419.81156,S,05539.64581,E,1,12,0.71,6.9,M,-47.6,M,,*7F
$GNGSA,A,3,25,23,12,15,10,29,18,24,28,,,,1.44,0.71,1.25*13
$GNGSA,A,3,68,79,80,67,82,69,,,,,,,1.44,0.71,1.25*11
$GPGSV,5,1,19,05,02,029,11,10,40,233,24,12,40,153,27,13,05,065,*79
$GPGSV,5,2,19,15,41,077,19,18,20,336,40,23,68,300,20,24,17,141,14*79
$GPGSV,5,3,19,25,71,193,14,26,05,315,29,28,12,251,25,29,35,022,31*72
$GPGSV,5,4,19,31,00,272,13,32,11,209,,36,52,277,,40,85,352,*70
$GPGSV,5,5,19,41,58,082,,49,32,274,,50,10,089,*4B
$GLGSV,3,1,10,67,32,049,17,68,63,118,23,69,31,187,25,73,04,314,28*67
$GLGSV,3,2,10,78,03,157,,79,41,194,18,80,44,274,31,81,01,059,*6B
$GLGSV,3,3,10,82,06,016,10,83,03,330,21*65
$GNGLL,0419.81156,S,05539.64581,E,080801.00,A,A*68
$GNRMC,080802.00,A,0419.81162,S,05539.64583,E,0.065,,260525,,,A*72
$GNVTG,,T,,M,0.065,N,0.121,K,A*3C
$GNGGA,080802.00,0419.81162,S,05539.64583,E,1,12,0.69,6.4,M,-47.6,M,,*7D
$GNGSA,A,3,25,23,12,15,10,29,18,24,28,,,,1.30,0.69,1.10*1F
$GNGSA,A,3,68,79,80,67,82,69,,,,,,,1.30,0.69,1.10*1D
$GPGSV,5,1,19,05,02,029,06,10,40,233,23,12,40,153,27,13,05,065,*78
$GPGSV,5,2,19,15,41,077,20,18,20,336,40,23,68,300,21,24,17,141,15*73
$GPGSV,5,3,19,25,71,193,15,26,05,315,30,28,12,251,26,29,35,022,32*7B
$GPGSV,5,4,19,31,00,272,09,32,11,209,,36,52,277,,40,85,352,*7B
$GPGSV,5,5,19,41,58,082,,49,32,274,,50,10,089,*4B
$GLGSV,3,1,10,67,32,049,18,68,63,118,22,69,31,187,26,73,04,314,28*6A
$GLGSV,3,2,10,78,03,157,,79,41,194,19,80,44,274,31,81,01,059,*6A
$GLGSV,3,3,10,82,06,016,09,83,03,330,19*66
$GNGLL,0419.81162,S,05539.64583,E,080802.00,A,A*6E
$GNRMC,080804.00,A,0419.81175,S,05539.64585,E,0.060,,260525,,,A*71
$GNVTG,,T,,M,0.060,N,0.112,K,A*39
$GNGGA,080804.00,0419.81175,S,05539.64585,E,1,12,0.71,5.7,M,-47.6,M,,*72
$GNGSA,A,3,25,23,12,15,10,29,18,24,28,,,,1.44,0.71,1.25*13
$GNGSA,A,3,68,79,80,67,82,69,,,,,,,1.44,0.71,1.25*11
$GPGSV,5,1,19,05,02,029,12,10,40,233,23,12,40,153,28,13,05,065,*72
$GPGSV,5,2,19,15,41,077,20,18,20,336,39,23,68,300,22,24,17,141,13*78
$GPGSV,5,3,19,25,71,193,16,26,05,315,30,28,12,251,25,29,35,022,32*7B
$GPGSV,5,4,19,31,00,272,08,32,11,209,,36,52,277,,40,85,352,*7A
$GPGSV,5,5,19,41,58,082,,49,32,274,,50,10,089,*4B
$GLGSV,3,1,10,67,32,049,20,68,63,118,21,69,31,187,26,73,04,314,28*62
$GLGSV,3,2,10,78,03,157,,79,41,194,20,80,44,274,31,81,01,059,*60
$GLGSV,3,3,10,82,06,016,11,83,03,330,16*60
$GNGLL,0419.81175,S,05539.64585,E,080804.00,A,A*68
$GNRMC,080807.00,A,0419.81188,S,05539.64568,E,0.114,,260525,,,A*71
$GNVTG,,T,,M,0.114,N,0.212,K,A*38
$GNGGA,080807.00,0419.81188,S,05539.64568,E,1,12,0.71,5.9,M,-47.6,M,,*7E
$GNGSA,A,3,25,23,12,15,10,29,18,24,28,,,,1.44,0.71,1.25*13
$GNGSA,A,3,68,79,80,67,82,69,,,,,,,1.44,0.71,1.25*11
$GPGSV,5,1,19,05,02,029,08,10,40,233,27,12,40,153,29,13,05,065,*7C
$GPGSV,5,2,19,15,41,077,21,18,20,336,39,23,68,300,13,24,17,141,10*78
$GPGSV,5,3,19,25,71,193,15,26,05,315,31,28,12,251,26,29,35,022,32*7A
$GPGSV,5,4,19,31,00,272,15,32,11,209,,36,52,277,,40,85,352,*76
$GPGSV,5,5,19,41,58,082,,49,32,274,,50,10,089,*4B
$GLGSV,3,1,10,67,32,049,21,68,63,118,18,69,31,187,27,73,04,314,29*69
$GLGSV,3,2,10,78,03,157,,79,41,194,17,80,44,274,30,81,01,059,*65
$GLGSV,3,3,10,82,06,016,15,83,03,330,24*65
$GNGLL,0419.81188,S,05539.64568,E,080807.00,A,A*6A
$GNRMC,080809.00,A,0419.81193,S,05539.64560,E,0.022,,260525,,,A*79
$GNVTG,,T,,M,0.022,N,0.041,K,A*38
$GNGGA,080809.00,0419.81193,S,05539.64560,E,1,12,0.71,5.9,M,-47.6,M,,*72
$GNGSA,A,3,25,23,12,15,10,29,18,24,28,,,,1.44,0.71,1.25*13
$GNGSA,A,3,68,79,80,67,82,69,,,,,,,1.44,0.71,1.25*11
$GPGSV,5,1,19,05,02,029,09,10,40,233,28,12,40,153,29,13,05,065,*72
$GPGSV,5,2,19,15,41,077,18,18,20,336,41,23,68,300,13,24,17,141,07*7B
$GPGSV,5,3,19,25,71,193,18,26,05,315,29,28,12,251,26,29,35,022,31*7D
$GPGSV,5,4,19,31,00,272,10,32,11,209,,36,52,277,,40,85,352,*73
$GPGSV,5,5,19,41,58,082,,49,32,274,,50,10,089,*4B
$GLGSV,3,1,10,67,32,049,21,68,63,118,17,69,31,187,26,73,04,314,26*68
$GLGSV,3,2,10,78,03,157,,79,41,194,16,80,44,274,30,81,01,059,*64
$GLGSV,3,3,10,82,06,016,13,83,03,330,26*61
$GNGLL,0419.81193,S,05539.64560,E,080809.00,A,A*66
$GNRMC,080810.00,A,0419.81194,S,05539.64560,E,0.049,,260525,,,A*7B
$GNVTG,,T,,M,0.049,N,0.090,K,A*39
$GNGGA,080810.00,0419.81194,S,05539.64560,E,1,12,0.71,5.9,M,-47.6,M,,*7D
$GNGSA,A,3,25,23,12,15,10,29,18,24,28,,,,1.44,0.71,1.25*13
$GNGSA,A,3,68,79,80,67,82,69,,,,,,,1.44,0.71,1.25*11
$GPGSV,5,1,19,05,02,029,11,10,40,233,29,12,40,153,29,13,05,065,*7A
$GPGSV,5,2,19,15,41,077,18,18,20,336,40,23,68,300,15,24,17,141,09*72
$GPGSV,5,3,19,25,71,193,17,26,05,315,29,28,12,251,24,29,35,022,32*73
$GPGSV,5,4,19,31,00,272,11,32,11,209,,36,52,277,,40,85,352,*72
$GPGSV,5,5,19,41,58,082,,49,32,274,,50,10,089,*4B
$GLGSV,3,1,10,67,32,049,21,68,63,118,17,69,31,187,26,73,04,314,25*6B
$GLGSV,3,2,10,78,03,157,,79,41,194,18,80,44,274,29,81,01,059,*62
$GLGSV,3,3,10,82,06,016,16,83,03,330,25*67
$GNGLL,0419.81194,S,05539.64560,E,080810.00,A,A*69
$GLGSV,3,3,10,82,06,016,17,83,03,330,22*61
$GNGLL,0419.81194,S,05539.64557,E,080811.00,A,A*6C
$GPGSV,5,5,19,41,58,082,,49,32,274,,50,10,089,*4B
$GLGSV,3,1,10,67,32,049,22,68,63,118,16,69,31,187,28,73,04,314,26*64
$GLGSV,3,2,10,78,03,157,,79,41,194,15,80,44,274,29,81,01,059,*6F
$GLGSV,3,3,10,82,06,016,19,83,03,330,21*6C
$GNGLL,0419.81194,S,05539.64557,E,080812.00,A,A*6F
$GNRMC,080813.00,A,0419.81193,S,05539.64559,E,0.061,,260525,,,A*7F
$GNVTG,,T,,M,0.061,N,0.114,K,A*3E
$GNGGA,080813.00,0419.81193,S,05539.64559,E,1,12,0.69,5.7,M,-47.6,M,,*74
$GNGSA,A,3,25,23,12,15,10,29,18,24,28,,,,1.30,0.69,1.10*1F
$GNGSA,A,3,68,79,80,67,82,69,,,,,,,1.30,0.69,1.10*1D
$GPGSV,5,1,19,05,02,029,11,10,40,233,30,12,40,153,29,13,05,065,06*74
$GPGSV,5,2,19,15,41,077,21,18,20,336,40,23,68,300,19,24,17,141,10*7C
$GPGSV,5,3,19,25,71,193,19,26,05,315,27,28,12,251,22,29,35,022,32*75
$GPGSV,5,4,19,31,00,272,13,32,11,209,,36,52,277,,40,85,352,*70
$GPGSV,5,5,19,41,58,082,,49,32,274,,50,10,089,*4B
$GLGSV,3,1,10,67,32,049,22,68,63,118,16,69,31,187,27,73,04,314,26*6B
$GLGSV,3,2,10,78,03,157,,79,41,194,14,80,44,274,28,81,01,059,*6F
$GLGSV,3,3,10,82,06,016,20,83,03,330,21*66
$GNGLL,0419.81193,S,05539.64559,E,080813.00,A,A*67
$GNRMC,080814.00,A,0419.81193,S,05539.64564,E,0.081,,260525,,,A*78
$GNVTG,,T,,M,0.081,N,0.151,K,A*31
$GNGGA,080814.00,0419.81193,S,05539.64564,E,1,12,0.69,5.5,M,-47.6,M,,*7F
$GNGSA,A,3,25,23,12,15,10,29,18,24,28,,,,1.30,0.69,1.10*1F
$GNGSA,A,3,68,79,80,67,82,69,,,,,,,1.30,0.69,1.10*1D
$GPGSV,5,1,19,05,02,029,11,10,40,233,29,12,40,153,28,13,05,065,07*7C
$GPGSV,5,2,19,15,41,077,21,18,20,336,40,23,68,300,21,24,17,141,13*74
$GPGSV,5,3,19,25,71,193,21,26,05,315,28,28,12,251,22,29,35,022,32*71
$GPGSV,5,4,19,31,00,272,09,32,11,209,,36,52,277,,40,85,352,*7B
$GPGSV,5,5,19,41,58,082,,49,32,274,,50,10,089,*4B
$GLGSV,3,1,10,67,32,049,23,68,63,118,17,69,31,187,26,73,04,314,25*69
$GLGSV,3,2,10,78,03,157,,79,41,194,17,80,44,274,29,81,01,059,*6D
$GLGSV,3,3,10,82,06,016,19,83,03,330,23*6E
$GNGLL,0419.81193,S,05539.64564,E,080814.00,A,A*6E
$GNRMC,080815.00,A,0419.81196,S,05539.64564,E,0.214,,260525,,,A*72
$GNVTG,,T,,M,0.214,N,0.396,K,A*36
$GNGGA,080815.00,0419.81196,S,05539.64564,E,1,12,0.69,5.0,M,-47.6,M,,*7E
$GNGSA,A,3,25,23,12,15,10,29,18,24,28,,,,1.30,0.69,1.10*1F
$GNGSA,A,3,68,79,80,67,82,69,,,,,,,1.30,0.69,1.10*1D
$GPGSV,5,1,19,05,02,029,12,10,40,233,28,12,40,153,29,13,05,065,06*7E
$GPGSV,5,2,19,15,41,077,20,18,20,336,40,23,68,300,21,24,17,141,13*75
$GPGSV,5,3,19,25,71,193,21,26,05,315,28,28,12,251,23,29,35,022,32*70
$GPGSV,5,4,19,31,00,272,17,32,11,209,,36,52,277,,40,85,352,*74
$GPGSV,5,5,19,41,58,082,,49,32,274,,50,10,089,*4B
$GLGSV,3,1,10,67,32,049,22,68,63,118,19,69,31,187,26,73,04,314,24*67
$GLGSV,3,2,10,78,03,157,,79,41,194,18,80,44,274,30,81,01,059,*6A
$GLGSV,3,3,10,82,06,016,20,83,03,330,26*61
$GNGLL,0419.81196,S,05539.64564,E,080815.00,A,A*6A
$GNRMC,080816.00,A,0419.81197,S,05539.64563,E,0.081,,260525,,,A*79
$GNVTG,,T,,M,0.081,N,0.149,K,A*38
$GNGGA,080816.00,0419.81197,S,05539.64563,E,1,12,0.69,5.0,M,-47.6,M,,*7B
$GNGSA,A,3,25,23,12,15,10,29,18,24,28,,,,1.30,0.69,1.10*1F
$GNGSA,A,3,68,79,80,67,82,69,,,,,,,1.30,0.69,1.10*1D
$GPGSV,5,1,19,05,02,029,08,10,40,233,28,12,40,153,28,13,05,065,05*77
$GPGSV,5,2,19,15,41,077,17,18,20,336,39,23,68,300,21,24,17,141,13*7F
$GPGSV,5,3,19,25,71,193,20,26,05,315,28,28,12,251,22,29,35,022,32*70
$GPGSV,5,4,19,31,00,272,13,32,11,209,,36,52,277,,40,85,352,*70
$GPGSV,5,5,19,41,58,082,,49,32,274,,50,10,089,*4B
$GLGSV,3,1,10,67,32,049,21,68,63,118,19,69,31,187,26,73,04,314,23*63
$GLGSV,3,2,10,78,03,157,,79,41,194,16,80,44,274,31,81,01,059,*65
$GLGSV,3,3,10,82,06,016,20,83,03,330,25*62
$GNGLL,0419.81197,S,05539.64563,E,080816.00,A,A*6F
$GNRMC,080817.00,A,0419.81197,S,05539.64563,E,0.100,,260525,,,A*70
$GNVTG,,T,,M,0.100,N,0.186,K,A*33
$GNGGA,080817.00,0419.81197,S,05539.64563,E,1,12,0.78,5.0,M,-47.6,M,,*7A
$GNGSA,A,3,25,23,12,15,10,29,18,24,28,,,,1.48,0.78,1.25*16
$GNGSA,A,3,68,79,80,67,82,69,,,,,,,1.48,0.78,1.25*14
$GPGSV,5,1,19,05,02,029,12,10,40,233,27,12,40,153,29,13,05,065,05*72
$GPGSV,5,2,19,15,41,077,15,18,20,336,38,23,68,300,21,24,17,141,13*7C
$GPGSV,5,3,19,25,71,193,18,26,05,315,29,28,12,251,22,29,35,022,32*7A
$GPGSV,5,4,19,31,00,272,08,32,11,209,,36,52,277,,40,85,352,*7A
$GPGSV,5,5,19,41,58,082,,49,32,274,,50,10,089,*4B
$GLGSV,3,1,10,67,32,049,22,68,63,118,18,69,31,187,26,73,04,314,22*60
$GLGSV,3,2,10,78,03,157,,79,41,194,14,80,44,274,30,81,01,059,*66
$GLGSV,3,3,10,82,06,016,20,83,03,330,25*62
$GNGLL,0419.81197,S,05539.64563,E,080817.00,A,A*6E
$GNRMC,080818.00,A,0419.81196,S,05539.64559,E,0.115,,260525,,,A*73
$GNVTG,,T,,M,0.115,N,0.213,K,A*38
$GNGGA,080818.00,0419.81196,S,05539.64559,E,1,12,0.69,5.0,M,-47.6,M,,*7D
$GNGSA,A,3,25,23,12,15,10,29,18,24,28,,,,1.30,0.69,1.10*1F
$GNGSA,A,3,68,79,80,67,82,69,,,,,,,1.30,0.69,1.10*1D
$GPGSV,5,1,19,05,02,029,10,10,40,233,28,12,40,153,30,13,05,065,05*77
$GPGSV,5,2,19,15,41,077,13,18,20,336,36,23,68,300,22,24,17,141,13*77
$GPGSV,5,3,19,25,71,193,17,26,05,315,28,28,12,251,22,29,35,022,32*74
$GPGSV,5,4,19,31,00,272,13,32,11,209,,36,52,277,,40,85,352,*70
$GNRMC,080823.00,A,0419.81203,S,05539.64547,E,0.020,,260525,,,A*7C
$GNVTG,,T,,M,0.020,N,0.037,K,A*3B
$GNGGA,080823.00,0419.81203,S,05539.64547,E,1,12,0.69,4.7,M,-47.6,M,,*73
$GNGSA,A,3,25,23,12,15,10,29,18,24,28,,,,1.30,0.69,1.10*1F
$GNGSA,A,3,68,79,80,67,82,69,,,,,,,1.30,0.69,1.10*1D
$GPGSV,5,1,19,05,02,029,09,10,40,233,30,12,40,153,29,13,05,065,09*72
$GPGSV,5,2,19,15,41,077,13,18,20,336,40,23,68,300,20,24,17,141,15*72
$GPGSV,5,3,19,25,71,193,22,26,05,315,26,28,12,251,21,29,35,022,31*7C
$GPGSV,5,4,19,31,00,272,18,32,11,209,,36,52,277,,40,85,352,*7B
$GPGSV,5,5,19,41,58,082,,49,32,274,,50,10,089,*4B
$GLGSV,3,1,10,67,31,048,21,68,63,117,19,69,31,187,23,73,04,314,19*62
$GLGSV,3,2,10,78,03,157,,79,41,194,12,80,44,274,29,81,01,059,*68
$GLGSV,3,3,10,82,06,016,14,83,03,330,18*6B
$GNGLL,0419.81203,S,05539.64547,E,080823.00,A,A*61
$GNRMC,080824.00,A,0419.81201,S,05539.64544,E,0.027,,260525,,,A*7D
$GNVTG,,T,,M,0.027,N,0.051,K,A*3C
$GNGGA,080824.00,0419.81201,S,05539.64544,E,1,12,0.78,4.9,M,-47.6,M,,*7B
$GNGSA,A,3,25,23,12,15,10,29,18,24,28,,,,1.48,0.78,1.25*16
$GNGSA,A,3,68,79,80,67,82,69,,,,,,,1.48,0.78,1.25*14
$GPGSV,5,1,19,05,02,029,09,10,40,233,30,12,40,153,30,13,05,065,09*7A
$GPGSV,5,2,19,15,41,077,12,18,20,336,40,23,68,300,19,24,17,141,15*79
$GPGSV,5,3,19,25,71,193,23,26,05,315,25,28,12,251,20,29,35,022,31*7F
$GPGSV,5,4,19,31,00,272,20,32,11,209,,36,52,277,,40,85,352,*70
$GPGSV,5,5,19,41,58,082,,49,32,274,,50,10,089,*4B
$GLGSV,3,1,10,67,31,048,22,68,63,117,20,69,32,187,22,73,04,314,24*67
$GLGSV,3,2,10,78,03,157,,79,41,194,15,80,44,274,29,81,01,059,*6F
$GLGSV,3,3,10,82,06,016,14,83,03,330,18*6B
$GNGLL,0419.81201,S,05539.64544,E,080824.00,A,A*67
$GNRMC,080825.00,A,0419.81201,S,05539.64541,E,0.051,,260525,,,A*78
$GNVTG,,T,,M,0.051,N,0.094,K,A*34
$GNGGA,080825.00,0419.81201,S,05539.64541,E,1,12,0.78,4.8,M,-47.6,M,,*7E
$GNGSA,A,3,25,23,12,15,10,29,18,24,28,,,,1.48,0.78,1.25*16
$GNGSA,A,3,68,79,80,67,82,69,,,,,,,1.48,0.78,1.25*14
$GPGSV,5,1,19,05,02,029,10,10,40,233,30,12,40,153,30,13,05,065,09*72
$GPGSV,5,2,19,15,41,077,16,18,20,336,40,23,68,300,19,24,17,141,15*7D
$GPGSV,5,3,19,25,71,193,23,26,05,315,27,28,12,251,23,29,35,022,30*7F
$GPGSV,5,4,19,31,00,272,20,32,11,209,,36,52,277,,40,85,352,*70
$GPGSV,5,5,19,41,58,082,,49,32,274,,50,10,089,*4B
$GLGSV,3,1,10,67,31,048,23,68,63,117,20,69,32,187,21,73,04,314,24*65
$GLGSV,3,2,10,78,03,157,,79,41,194,17,80,44,274,28,81,01,059,*6C
$GLGSV,3,3,10,82,06,016,15,83,03,330,17*65
$GNGLL,0419.81201,S,05539.64541,E,080825.00,A,A*63
$GNRMC,080827.00,A,0419.81205,S,05539.64536,E,0.150,,260525,,,A*7E
$GNVTG,,T,,M,0.150,N,0.279,K,A*35
$GNGGA,080827.00,0419.81205,S,05539.64536,E,1,12,0.69,4.7,M,-47.6,M,,*77
$GNGSA,A,3,25,23,12,15,10,29,18,24,28,,,,1.30,0.69,1.10*1F
$GNGSA,A,3,68,79,80,67,82,69,,,,,,,1.30,0.69,1.10*1D
$GPGSV,5,1,19,05,02,029,13,10,40,233,31,12,40,153,31,13,05,065,10*79
$GPGSV,5,2,19,15,41,077,13,18,20,336,40,23,68,300,20,24,17,141,14*73
$GPGSV,5,3,19,25,71,193,24,26,05,315,28,28,12,251,22,29,35,022,31*77
$GPGSV,5,4,19,31,00,272,22,32,11,209,,36,52,277,,40,85,352,*72
$GPGSV,5,5,19,41,58,082,,49,32,274,,50,10,089,*4B
$GLGSV,3,1,10,67,31,048,24,68,63,117,20,69,32,187,18,73,04,314,25*69
$GLGSV,3,2,10,78,03,157,,79,41,194,17,80,44,274,27,81,01,059,*63
$GLGSV,3,3,10,82,06,016,14,83,03,330,12*61
$GNGLL,0419.81205,S,05539.64536,E,080827.00,A,A*65
$GNRMC,080828.00,A,0419.81208,S,05539.64534,E,0.080,,260525,,,A*72
$GNVTG,,T,,M,0.080,N,0.148,K,A*38
$GNGGA,080828.00,0419.81208,S,05539.64534,E,1,12,0.69,4.4,M,-47.6,M,,*74
$GNGSA,A,3,25,23,12,15,10,29,18,24,28,,,,1.30,0.69,1.10*1F
$GNGSA,A,3,68,79,80,67,82,69,,,,,,,1.30,0.69,1.10*1D
$GPGSV,5,1,19,05,02,029,11,10,40,233,30,12,40,153,31,13,05,065,10*7A
$GPGSV,5,2,19,15,41,077,14,18,20,336,40,23,68,300,22,24,17,141,14*76
$GPGSV,5,3,19,25,71,193,25,26,05,315,28,28,12,251,21,29,35,022,32*76
$GPGSV,5,4,19,31,00,272,22,32,11,209,,36,52,277,,40,85,352,*72
$GPGSV,5,5,19,41,58,082,,49,32,274,,50,10,089,*4B
$GLGSV,3,1,10,67,31,048,24,68,63,117,20,69,32,187,19,73,04,313,25*6F
$GLGSV,3,2,10,78,03,157,,79,41,194,14,80,44,274,26,81,01,059,*61
$GLGSV,3,3,10,82,06,016,16,83,03,330,13*62
$GNGLL,0419.81208,S,05539.64534,E,080828.00,A,A*65
$GNRMC,080829.00,A,0419.81213,S,05539.64531,E,0.057,,260525,,,A*76
$GNVTG,,T,,M,0.057,N,0.105,K,A*3B
$GNGGA,080829.00,0419.81213,S,05539.64531,E,1,12,0.78,4.1,M,-47.6,M,,*7F
$GNGSA,A,3,25,23,12,15,10,29,18,28,,,,,1.48,0.78,1.25*10
$GNGSA,A,3,68,79,80,67,82,69,,,,,,,1.48,0.78,1.25*14
$GPGSV,5,1,19,05,02,029,08,10,40,233,29,12,40,153,30,13,05,065,10*7B
$GPGSV,5,2,19,15,41,077,12,18,20,336,40,23,68,300,22,24,17,141,*75
$GPGSV,5,3,19,25,71,193,25,26,05,315,29,28,12,251,20,29,35,022,31*75
$GPGSV,5,4,19,31,00,272,21,32,11,209,,36,52,277,,40,85,352,*71
$GPGSV,5,5,19,41,58,082,,49,32,274,,50,10,089,*4B
$GLGSV,3,1,10,67,31,048,23,68,63,117,19,69,32,187,18,73,04,313,22*64
$GLGSV,3,2,10,78,03,157,,79,41,194,13,80,44,274,26,81,01,059,*66
$GLGSV,3,3,10,82,06,016,17,83,03,330,13*63
$GNGLL,0419.81213,S,05539.64531,E,080829.00,A,A*6B
$GNRMC,080832.00,A,0419.81219,S,05539.64526,E,0.119,,260525,,,A*7B
$GNVTG,,T,,M,0.119,N,0.221,K,A*35
$GNGGA,080832.00,0419.81219,S,05539.64526,E,1,12,0.78,3.9,M,-47.6,M,,*76
$GNGSA,A,3,25,23,12,15,10,29,18,28,,,,,1.48,0.78,1.25*10
$GNGSA,A,3,68,79,80,67,82,69,,,,,,,1.48,0.78,1.25*14
$GPGSV,5,1,19,05,02,029,10,10,40,233,28,12,40,153,30,13,05,065,*72
$GPGSV,5,2,19,15,41,077,18,18,20,336,40,23,68,300,22,24,17,141,08*77
$GPGSV,5,3,19,25,71,193,27,26,05,315,30,28,12,251,20,29,35,022,32*7C
$GPGSV,5,4,19,31,00,272,22,32,11,209,,36,52,277,,40,85,352,*72
$GPGSV,5,5,19,41,58,082,,49,32,274,,50,10,089,*4B
$GLGSV,3,1,10,67,31,048,23,68,63,117,22,69,32,187,20,73,04,313,16*60
$GLGSV,3,2,10,78,03,157,,79,41,194,15,80,44,274,27,81,01,059,*61
$GLGSV,3,3,10,82,06,016,19,83,03,330,13*6D
$GNGLL,0419.81219,S,05539.64526,E,080832.00,A,A*6D
$GNRMC,080833.00,A,0419.81220,S,05539.64523,E,0.108,,260525,,,A*75
$GNVTG,,T,,M,0.108,N,0.200,K,A*36
$GNGGA,080833.00,0419.81220,S,05539.64523,E,1,12,0.78,3.9,M,-47.6,M,,*78
$GNGSA,A,3,25,23,12,15,10,29,18,28,,,,,1.48,0.78,1.25*10
$GNGSA,A,3,68,79,80,67,82,69,,,,,,,1.48,0.78,1.25*14
$GPGSV,5,1,19,05,02,029,12,10,40,233,27,12,40,153,30,13,05,065,*7F
$GPGSV,5,2,19,15,41,077,20,18,20,336,40,23,68,300,21,24,17,141,13*75
$GPGSV,5,3,19,25,71,193,28,26,05,315,30,28,12,251,18,29,35,022,32*78
$GPGSV,5,4,19,31,00,272,22,32,11,209,,36,52,277,,40,85,352,*72
$GPGSV,5,5,19,41,58,082,,49,32,274,,50,10,089,*4B
$GLGSV,3,1,10,67,31,048,22,68,63,117,20,69,32,187,20,73,04,313,16*63
$GLGSV,3,2,10,78,03,157,,79,41,194,16,80,44,274,27,81,01,059,*62
$GLGSV,3,3,10,82,06,016,19,83,03,330,17*69
$GNGLL,0419.81220,S,05539.64523,E,080833.00,A,A*63
$GNRMC,080834.00,A,0419.81226,S,05539.64521,E,0.165,,260525,,,A*7D
$GNVTG,,T,,M,0.165,N,0.306,K,A*3A
$GNGGA,080834.00,0419.81226,S,05539.64521,E,1,12,0.78,3.7,M,-47.6,M,,*75
$GNGSA,A,3,25,23,12,15,10,29,18,28,,,,,1.48,0.78,1.25*10
$GNGSA,A,3,68,79,80,67,82,69,,,,,,,1.48,0.78,1.25*14
$GPGSV,5,1,19,05,02,029,11,10,40,233,27,12,40,153,31,13,05,065,*7D
$GPGSV,5,2,19,15,41,077,22,18,20,336,40,23,68,300,21,24,17,141,16*72
$GPGSV,5,3,19,25,71,193,28,26,05,315,29,28,12,251,19,29,35,022,31*72
$GPGSV,5,4,19,31,00,272,23,32,11,209,,36,52,277,,40,85,352,*73
$GPGSV,5,5,19,41,58,082,,49,32,274,,50,10,089,*4B
$GLGSV,3,1,10,67,31,048,20,68,63,117,17,69,32,187,20,73,04,313,18*6B
$GLGSV,3,2,10,78,03,157,,79,40,193,10,80,44,274,27,81,01,059,*62
$GLGSV,3,3,10,82,06,016,18,83,03,330,17*68
$GNGLL,0419.81226,S,05539.64521,E,080834.00,A,A*60
$GNRMC,080836.00,A,0419.81234,S,05539.64514,E,0.061,,260525,,,A*7F
$GNVTG,,T,,M,0.061,N,0.113,K,A*39
$GNGGA,080836.00,0419.81234,S,05539.64514,E,1,12,0.78,3.4,M,-47.6,M,,*71
$GNGSA,A,3,25,23,12,15,10,29,18,24,28,,,,1.48,0.78,1.25*16
$GNGSA,A,3,68,79,80,67,82,69,,,,,,,1.48,0.78,1.25*14
$GPGSV,5,1,19,05,02,029,14,10,40,233,27,12,40,153,32,13,05,065,*7B
$GPGSV,5,2,19,15,41,077,23,18,20,336,40,23,68,300,20,24,17,141,15*71
$GPGSV,5,3,19,25,71,193,29,26,05,315,27,28,12,251,21,29,35,022,32*75
$GPGSV,5,4,19,31,00,272,23,32,11,209,,36,52,277,,40,85,352,*73
$GPGSV,5,5,19,41,58,082,,49,32,274,,50,10,089,*4B
$GLGSV,3,1,10,67,31,048,18,68,63,117,16,69,32,187,19,73,04,313,22*62
$GLGSV,3,2,10,78,03,157,,79,40,193,10,80,44,273,27,81,01,059,*65
$GLGSV,3,3,10,82,06,016,15,83,03,330,11*63
$GNGLL,0419.81234,S,05539.64514,E,080836.00,A,A*67
$GNRMC,080837.00,A,0419.81237,S,05539.64510,E,0.116,,260525,,,A*78
$GNVTG,,T,,M,0.116,N,0.215,K,A*3D
$GNGGA,080837.00,0419.81237,S,05539.64510,E,1,12,0.78,3.2,M,-47.6,M,,*71
$GNGSA,A,3,25,23,12,15,10,29,18,24,28,,,,1.48,0.78,1.25*16
$GNGSA,A,3,68,79,80,67,82,69,,,,,,,1.48,0.78,1.25*14
$GPGSV,5,1,19,05,02,029,18,10,40,233,27,12,40,153,32,13,05,065,*77
$GPGSV,5,2,19,15,41,077,23,18,20,336,40,23,68,300,20,24,17,141,15*71
$GPGSV,5,3,19,25,71,193,29,26,05,315,28,28,12,251,20,29,35,022,32*7B
$GPGSV,5,4,19,31,00,272,23,32,11,209,,36,52,277,,40,85,352,*73
$GPGSV,5,5,19,41,58,082,,49,32,274,,50,10,089,*4B
$GLGSV,3,1,10,67,31,048,17,68,63,117,17,69,32,187,17,73,04,313,24*64
$GLGSV,3,2,10,78,03,157,,79,40,193,17,80,44,273,27,81,01,059,*62
$GLGSV,3,3,10,82,06,017,13,83,03,330,10*65
$GNGLL,0419.81237,S,05539.64510,E,080837.00,A,A*61
$GNRMC,080838.00,A,0419.81236,S,05539.64511,E,0.069,,260525,,,A*7E
$GNVTG,,T,,M,0.069,N,0.127,K,A*36
$GNGGA,080838.00,0419.81236,S,05539.64511,E,1,12,0.78,3.2,M,-47.6,M,,*7E
$GNGSA,A,3,25,23,12,15,10,29,18,24,28,,,,1.48,0.78,1.25*16
$GNGSA,A,3,68,79,80,67,82,69,,,,,,,1.48,0.78,1.25*14
$GPGSV,5,1,19,05,02,029,11,10,40,233,26,12,40,153,31,13,05,065,*7C
$GPGSV,5,2,19,15,41,077,23,18,20,336,39,23,68,300,21,24,17,141,15*7E
$GPGSV,5,3,19,25,71,193,29,26,05,315,28,28,12,251,18,29,35,022,31*73
$GPGSV,5,4,19,31,00,272,25,32,11,209,,36,52,277,,40,85,352,*75
$GPGSV,5,5,19,41,58,082,,49,32,274,,50,10,089,*4B
$GLGSV,3,1,10,67,31,048,17,68,63,117,17,69,32,187,17,73,04,313,24*64
$GLGSV,3,2,10,78,03,157,,79,40,193,14,80,44,273,26,81,01,059,*60
$GLGSV,3,3,10,82,06,017,12,83,03,330,12*66
$GNGLL,0419.81236,S,05539.64511,E,080838.00,A,A*6E
$GNRMC,080839.00,A,0419.81238,S,05539.64515,E,0.062,,260525,,,A*7E
$GNVTG,,T,,M,0.062,N,0.115,K,A*3C
$GNGGA,080839.00,0419.81238,S,05539.64515,E,1,12,0.78,3.0,M,-47.6,M,,*77
$GNGSA,A,3,25,23,12,15,10,29,18,24,28,,,,1.48,0.78,1.25*16
$GNGSA,A,3,68,79,80,67,82,69,,,,,,,1.48,0.78,1.25*14
$GPGSV,5,1,19,05,02,029,15,10,40,233,27,12,40,153,31,13,05,065,*79
$GPGSV,5,2,19,15,41,077,24,18,20,336,39,23,68,300,22,24,17,141,14*7B
$GPGSV,5,3,19,25,71,193,30,26,05,315,28,28,12,251,20,29,35,022,32*73
$GPGSV,5,4,19,31,00,272,24,32,11,209,,36,52,277,,40,85,352,*74
$GPGSV,5,5,19,41,58,082,,49,32,274,,50,10,089,*4B
$GLGSV,3,1,10,67,31,048,17,68,63,117,19,69,32,187,17,73,04,313,24*6A
$GLGSV,3,2,10,78,03,157,,79,40,193,19,80,44,273,26,81,01,059,*6D
$GLGSV,3,3,10,82,06,017,13,83,03,330,17*62
$GNGLL,0419.81238,S,05539.64515,E,080839.00,A,A*65
$GNRMC,080840.00,A,0419.81243,S,05539.64516,E,0.073,,260525,,,A*7F
$GNVTG,,T,,M,0.073,N,0.135,K,A*3E
$GNGGA,080840.00,0419.81243,S,05539.64516,E,1,12,0.78,2.7,M,-47.6,M,,*70
$GNGSA,A,3,25,23,12,15,10,29,18,24,28,,,,1.48,0.78,1.25*16
$GNGSA,A,3,68,79,80,67,82,69,,,,,,,1.48,0.78,1.25*14
$GPGSV,5,1,19,05,02,029,17,10,40,233,26,12,40,153,31,13,05,065,*7A
$GPGSV,5,2,19,15,41,077,24,18,20,336,39,23,68,300,24,24,17,141,16*7F
$GPGSV,5,3,19,25,71,193,30,26,05,315,30,28,12,251,21,29,35,022,33*7A
$GPGSV,5,4,19,31,00,272,23,32,11,209,,36,52,277,,40,85,352,*73
$GPGSV,5,5,19,41,58,082,,49,32,274,,50,10,089,*4B
$GLGSV,3,1,10,67,31,048,20,68,63,117,21,69,32,187,20,73,04,313,23*66
$GLGSV,3,2,10,78,03,157,,79,40,193,19,80,44,273,27,81,01,059,*6C
$GLGSV,3,3,10,82,06,017,16,83,03,330,12*62
$GNGLL,0419.81243,S,05539.64516,E,080840.00,A,A*64
$GNRMC,080841.00,A,0419.81247,S,05539.64522,E,0.101,,260525,,,A*79
$GNVTG,,T,,M,0.101,N,0.187,K,A*33
$GNGGA,080841.00,0419.81247,S,05539.64522,E,1,12,0.69,2.4,M,-47.6,M,,*71
$GNGSA,A,3,25,23,12,15,10,29,18,24,28,,,,1.30,0.69,1.10*1F
$GNGSA,A,3,68,79,80,67,82,69,,,,,,,1.30,0.69,1.10*1D
$GPGSV,5,1,19,05,02,029,17,10,40,233,25,12,40,153,30,13,05,065,*78
$GPGSV,5,2,19,15,41,077,25,18,20,336,38,23,68,300,24,24,17,141,16*7F
$GPGSV,5,3,19,25,71,193,29,26,05,315,31,28,12,251,19,29,35,022,33*78
$GPGSV,5,4,19,31,00,272,22,32,11,209,,36,52,277,,40,85,352,*72
$GPGSV,5,5,19,41,58,082,,49,32,274,,50,10,089,*4B
$GLGSV,3,1,10,67,31,048,21,68,63,117,23,69,32,187,21,73,04,313,21*66
$GLGSV,3,2,10,78,03,157,,79,40,193,20,80,44,273,27,81,01,059,*66
$GLGSV,3,3,10,82,06,017,18,83,03,330,18*66
$GNGLL,0419.81247,S,05539.64522,E,080841.00,A,A*66
$GNRMC,080842.00,A,0419.81250,S,05539.64526,E,0.038,,260525,,,A*73
$GNVTG,,T,,M,0.038,N,0.070,K,A*31
$GNGGA,080842.00,0419.81250,S,05539.64526,E,1,12,0.69,2.2,M,-47.6,M,,*76
$GNGSA,A,3,25,23,12,15,10,29,18,24,28,,,,1.30,0.69,1.10*1F
$GNGSA,A,3,68,79,80,67,82,69,,,,,,,1.30,0.69,1.10*1D
$GPGSV,5,1,19,05,02,029,16,10,40,233,24,12,40,153,30,13,05,065,*78
$GPGSV,5,2,19,15,41,077,25,18,20,336,38,23,68,300,25,24,17,141,16*7E
$GPGSV,5,3,19,25,71,193,28,26,05,315,30,28,12,251,18,29,35,022,33*79
$GPGSV,5,4,19,31,00,272,23,32,11,209,,36,52,277,,40,85,352,*73
$GPGSV,5,5,19,41,58,082,,49,32,274,,50,10,089,*4B
$GLGSV,3,1,10,67,31,048,22,68,63,117,24,69,32,187,22,73,04,313,21*61
$GLGSV,3,2,10,78,03,157,,79,40,193,19,80,44,273,27,81,01,059,*6C
$GLGSV,3,3,10,82,06,017,19,83,03,330,10*6F
$GNGLL,0419.81250,S,05539.64526,E,080842.00,A,A*67
$GNRMC,080844.00,A,0419.81253,S,05539.64530,E,0.150,,260525,,,A*7E
$GNVTG,,T,,M,0.150,N,0.277,K,A*3B
$GNGGA,080844.00,0419.81253,S,05539.64530,E,1,12,0.69,1.9,M,-47.6,M,,*7C
$GNGSA,A,3,25,23,12,15,10,29,18,24,28,,,,1.30,0.69,1.10*1F
$GNGSA,A,3,68,79,80,67,82,69,,,,,,,1.30,0.69,1.10*1D
$GPGSV,5,1,19,05,02,029,11,10,40,233,22,12,40,153,31,13,05,065,*78
$GPGSV,5,2,19,15,41,077,25,18,20,336,39,23,68,300,27,24,17,141,17*7C
$GPGSV,5,3,19,25,71,193,27,26,05,315,28,28,12,251,17,29,35,022,32*71
$GPGSV,5,4,19,31,00,272,23,32,11,209,18,36,52,277,,40,85,352,*7A
$GPGSV,5,5,19,41,58,082,,49,32,274,,50,10,089,*4B
$GLGSV,3,1,10,67,31,048,24,68,63,117,24,69,32,187,21,73,04,313,20*65
$GLGSV,3,2,10,78,03,157,,79,40,193,15,80,44,273,27,81,01,059,*60
$GLGSV,3,3,10,82,06,017,22,83,03,330,08*6E
$GNGLL,0419.81253,S,05539.64530,E,080844.00,A,A*65
$GNRMC,080845.00,A,0419.81259,S,05539.64532,E,0.065,,260525,,,A*70
$GNVTG,,T,,M,0.065,N,0.120,K,A*3D
$GNGGA,080845.00,0419.81259,S,05539.64532,E,1,12,0.69,1.4,M,-47.6,M,,*78
$GNGSA,A,3,25,23,12,15,10,29,18,24,28,,,,1.30,0.69,1.10*1F
$GNGSA,A,3,68,79,80,67,82,69,,,,,,,1.30,0.69,1.10*1D
$GPGSV,5,1,19,05,02,029,13,10,40,233,22,12,40,153,31,13,05,065,*7A
$GPGSV,5,2,19,15,41,077,25,18,20,336,38,23,68,300,28,24,17,141,16*73
$GPGSV,5,3,19,25,71,193,27,26,05,315,28,28,12,251,17,29,35,022,32*71
$GPGSV,5,4,19,31,00,272,24,32,11,209,18,36,52,277,,40,85,352,*7D
$GPGSV,5,5,19,41,58,082,,49,32,274,,50,10,089,*4B
$GLGSV,3,1,10,67,31,048,23,68,63,117,25,69,32,187,21,73,04,313,22*61
$GLGSV,3,2,10,78,03,157,,79,40,193,13,80,44,273,27,81,01,059,*66
$GLGSV,3,3,10,82,06,017,21,83,03,330,08*6D
$GNGLL,0419.81259,S,05539.64532,E,080845.00,A,A*6C
$GNRMC,080848.00,A,0419.81273,S,05539.64539,E,0.110,,260525,,,A*7D
$GNVTG,,T,,M,0.110,N,0.204,K,A*3B
$GNGGA,080848.00,0419.81273,S,05539.64539,E,1,12,0.69,0.2,M,-47.6,M,,*71
$GNGSA,A,3,25,23,12,15,10,29,18,24,28,,,,1.30,0.69,1.10*1F
$GNGSA,A,3,68,79,80,67,82,69,,,,,,,1.30,0.69,1.10*1D
$GPGSV,5,1,19,05,01,029,15,10,40,233,21,12,40,153,31,13,05,065,*7C
$GPGSV,5,2,19,15,41,077,26,18,20,336,38,23,68,300,28,24,17,141,17*71
$GPGSV,5,3,19,25,71,193,28,26,05,315,28,28,12,251,19,29,35,022,31*73
$GPGSV,5,4,19,31,00,272,23,32,11,209,18,36,52,277,,40,85,352,*7A
$GPGSV,5,5,19,41,58,082,,49,32,274,,50,10,089,*4B
$GLGSV,3,1,10,67,31,048,21,68,63,117,26,69,32,187,22,73,04,313,21*60
$GLGSV,3,2,10,78,03,157,,79,40,193,15,80,44,273,27,81,01,059,*60
$GLGSV,3,3,10,82,06,017,20,83,03,330,13*66
$GNGLL,0419.81273,S,05539.64539,E,080848.00,A,A*62
$GNRMC,080849.00,A,0419.81275,S,05539.64541,E,0.100,,260525,,,A*74
$GNVTG,,T,,M,0.100,N,0.186,K,A*33
$GNGGA,080849.00,0419.81275,S,05539.64541,E,1,12,0.69,0.0,M,-47.6,M,,*7B
$GNGSA,A,3,25,23,12,15,10,29,18,24,28,,,,1.30,0.69,1.10*1F
$GNGSA,A,3,68,79,80,67,82,69,,,,,,,1.30,0.69,1.10*1D
$GPGSV,5,1,19,05,01,029,14,10,40,233,23,12,40,153,30,13,05,065,*7E
$GPGSV,5,2,19,15,41,077,26,18,20,336,37,23,68,300,27,24,17,141,17*71
$GPGSV,5,3,19,25,71,193,28,26,05,315,28,28,12,251,17,29,35,022,31*7D
$GPGSV,5,4,19,31,00,272,22,32,11,209,19,36,52,277,,40,85,352,*7A
$GPGSV,5,5,19,41,58,082,,49,32,274,,50,10,089,*4B
$GLGSV,3,1,10,67,31,048,22,68,63,117,27,69,32,187,23,73,04,313,19*68
$GLGSV,3,2,10,78,03,157,,79,40,193,14,80,44,273,27,81,01,059,*61
$GLGSV,3,3,10,82,06,017,20,83,03,330,15*60
$GNGLL,0419.81275,S,05539.64541,E,080849.00,A,A*6A
$GNRMC,080850.00,A,0419.81275,S,05539.64544,E,0.042,,260525,,,A*7E
$GNVTG,,T,,M,0.042,N,0.078,K,A*34
$GNGGA,080850.00,0419.81275,S,05539.64544,E,1,12,0.69,-0.2,M,-47.6,M,,*59
$GNGSA,A,3,25,23,12,15,10,29,18,24,28,,,,1.30,0.69,1.10*1F
$GNGSA,A,3,68,79,80,67,82,69,,,,,,,1.30,0.69,1.10*1D
$GPGSV,5,1,19,05,01,029,14,10,40,233,24,12,40,153,30,13,05,065,*79
$GPGSV,5,2,19,15,41,077,27,18,20,336,40,23,68,300,27,24,17,141,16*71
$GPGSV,5,3,19,25,71,193,29,26,05,315,28,28,12,251,17,29,35,022,31*7C
$GPGSV,5,4,19,31,00,272,25,32,11,209,19,36,52,277,,40,85,352,*7D
$GPGSV,5,5,19,41,58,082,,49,32,274,,50,10,089,*4B
$GLGSV,3,1,10,67,31,048,24,68,63,117,27,69,32,187,23,73,04,313,19*6E
$GLGSV,3,2,10,78,03,157,,79,40,193,16,80,44,273,28,81,01,059,*6C
$GLGSV,3,3,10,82,06,017,18,83,03,330,12*6C
$GNGLL,0419.81275,S,05539.64544,E,080850.00,A,A*67
$GNRMC,080852.00,A,0419.81280,S,05539.64557,E,0.097,,260525,,,A*7C
$GNVTG,,T,,M,0.097,N,0.179,K,A*3C
$GNGGA,080852.00,0419.81280,S,05539.64557,E,1,12,0.66,-0.9,M,-47.6,M,,*57
$GNGSA,A,3,25,23,12,15,10,29,18,24,28,26,,,1.23,0.66,1.03*14
$GNGSA,A,3,68,79,80,67,82,69,,,,,,,1.23,0.66,1.03*12
$GPGSV,5,1,19,05,01,029,12,10,40,233,26,12,40,153,30,13,05,065,*7D
$GPGSV,5,2,19,15,41,077,26,18,20,336,38,23,68,300,27,24,17,141,18*71
$GPGSV,5,3,19,25,71,193,32,26,05,315,27,28,12,251,22,29,35,022,31*7F
$GPGSV,5,4,19,31,00,272,25,32,11,209,19,36,52,277,,40,85,352,*7D
$GPGSV,5,5,19,41,58,082,,49,32,274,,50,10,089,*4B
$GLGSV,3,1,10,67,31,048,24,68,63,117,28,69,32,187,24,73,04,313,14*6B
$GLGSV,3,2,10,78,03,157,,79,40,193,20,80,44,273,29,81,01,059,*68
$GLGSV,3,3,10,82,06,017,19,83,03,330,13*6C
$GNGLL,0419.81280,S,05539.64557,E,080852.00,A,A*6D
$GNRMC,080854.00,A,0419.81282,S,05539.64573,E,0.030,,260525,,,A*73
$GNVTG,,T,,M,0.030,N,0.056,K,A*3D
$GNGGA,080854.00,0419.81282,S,05539.64573,E,1,12,0.69,-1.1,M,-47.6,M,,*53
$GNGSA,A,3,25,23,12,15,10,29,18,24,28,26,,,1.24,0.69,1.03*1C
$GNGSA,A,3,68,79,80,67,82,69,,,,,,,1.24,0.69,1.03*1A
$GPGSV,5,1,19,05,01,029,12,10,40,234,30,12,40,153,30,13,05,065,*7D
$GPGSV,5,2,19,15,41,077,27,18,20,336,40,23,68,300,27,24,17,141,17*70
$GPGSV,5,3,19,25,71,193,31,26,05,315,25,28,12,251,23,29,35,022,33*7D
$GPGSV,5,4,19,31,00,272,27,32,11,209,19,36,52,277,,40,85,352,*7F
$GPGSV,5,5,19,41,58,082,,49,32,274,,50,10,089,*4B
$GLGSV,3,1,10,67,31,048,24,68,63,117,27,69,32,187,23,73,04,313,15*62
$GLGSV,3,2,10,78,03,157,,79,40,193,21,80,44,273,30,81,01,059,*61
$GLGSV,3,3,10,82,06,017,18,83,03,330,09*66
$GNGLL,0419.81282,S,05539.64573,E,080854.00,A,A*6F
$GNRMC,080855.00,A,0419.81284,S,05539.64580,E,0.102,,260525,,,A*78
$GNVTG,,T,,M,0.102,N,0.189,K,A*3E
$GNGGA,080855.00,0419.81284,S,05539.64580,E,1,12,0.69,-1.5,M,-47.6,M,,*5C
$GNGSA,A,3,25,23,12,15,10,29,18,24,28,26,,,1.24,0.69,1.03*1C
$GNGSA,A,3,68,79,80,67,82,69,,,,,,,1.24,0.69,1.03*1A
$GPGSV,5,1,19,05,01,029,11,10,40,234,29,12,40,153,29,13,05,065,*7E
$GPGSV,5,2,19,15,41,077,27,18,20,336,39,23,68,300,26,24,17,141,16*7E
$GPGSV,5,3,19,25,71,193,30,26,05,315,23,28,12,251,24,29,35,022,28*77
$GPGSV,5,4,19,31,00,272,26,32,11,209,19,36,52,277,,40,85,352,*7E
$GPGSV,5,5,19,41,58,082,,49,32,274,,50,10,089,*4B
$GLGSV,3,1,10,67,31,048,23,68,63,117,26,69,32,187,24,73,04,313,14*62
$GLGSV,3,2,10,78,03,157,,79,40,193,21,80,44,273,30,81,01,059,*61
$GLGSV,3,3,10,82,06,017,18,83,03,330,16*68
$GNGLL,0419.81284,S,05539.64580,E,080855.00,A,A*64
