$GNRMC,074923.00,A,0419.75679,S,05539.69426,E,0.050,,260525,,,A*78
$GNVTG,,T,,M,0.050,N,0.093,K,A*32
$GNGGA,074923.00,0419.75679,S,05539.69426,E,1,12,0.88,25.3,M,-47.6,M,,*48
$GNGSA,A,3,25,23,12,15,10,29,18,28,05,,,,1.57,0.88,1.30*10
$GNGSA,A,3,68,80,67,82,,,,,,,,,1.57,0.88,1.30*10
$GPGSV,5,1,17,05,09,028,21,10,34,225,21,12,48,151,14,13,08,073,*7F
$GPGSV,5,2,17,15,43,089,26,18,22,328,28,23,70,273,26,24,19,148,*73
$GPGSV,5,3,17,25,79,212,23,28,11,259,21,29,30,014,15,32,06,214,*7E
$GPGSV,5,4,17,36,52,277,35,40,85,352,,41,58,082,,49,32,274,*7A
$GPGSV,5,5,17,50,10,089,*4A
$GLGSV,3,1,09,67,37,060,19,68,56,137,18,69,23,190,,78,10,161,*6A
$GLGSV,3,2,09,79,49,202,09,80,42,289,21,81,00,050,,82,06,008,21*62
$GLGSV,3,3,09,83,03,321,*54
$GNGLL,0419.75679,S,05539.69426,E,074923.00,A,A*62
$GNRMC,074925.00,A,0419.75701,S,05539.69440,E,0.612,,260525,,,A*70
$GNVTG,,T,,M,0.612,N,1.133,K,A*38
$GNGGA,074925.00,0419.75701,S,05539.69440,E,1,12,0.88,25.0,M,-47.6,M,,*43
$GNGSA,A,3,25,23,12,15,10,29,18,28,05,,,,1.57,0.88,1.30*10
$GNGSA,A,3,68,80,67,82,,,,,,,,,1.57,0.88,1.30*10
$GPGSV,5,1,17,05,09,028,20,10,34,225,19,12,48,151,17,13,08,073,*76
$GPGSV,5,2,17,15,43,089,26,18,22,328,29,23,70,273,28,24,19,148,*7C
$GPGSV,5,3,17,25,79,212,24,28,11,259,20,29,30,014,19,32,06,214,*74
$GPGSV,5,4,17,36,52,277,34,40,85,352,,41,58,082,,49,32,274,*7B
$GPGSV,5,5,17,50,10,089,*4A
$GLGSV,3,1,09,67,37,060,22,68,56,137,19,69,23,190,,78,10,161,*63
$GLGSV,3,2,09,79,49,202,09,80,42,289,26,81,00,050,,82,06,008,19*6E
$GLGSV,3,3,09,83,03,321,*54
$GNGLL,0419.75701,S,05539.69440,E,074925.00,A,A*6A
$GNRMC,074928.00,A,0419.75715,S,05539.69445,E,0.161,,260525,,,A*7E
$GNVTG,,T,,M,0.161,N,0.299,K,A*39
$GNGGA,074928.00,0419.75715,S,05539.69445,E,1,12,0.88,24.3,M,-47.6,M,,*4C
$GNGSA,A,3,25,23,12,15,10,29,18,28,05,,,,1.57,0.88,1.30*10
$GNGSA,A,3,68,80,67,82,,,,,,,,,1.57,0.88,1.30*10
$GPGSV,5,1,17,05,09,028,22,10,34,225,20,12,48,151,18,13,08,073,*71
$GPGSV,5,2,17,15,43,089,26,18,22,328,29,23,70,273,28,24,19,148,*7C
$GPGSV,5,3,17,25,79,212,22,28,11,259,21,29,30,014,23,32,06,214,*7A
$GPGSV,5,4,17,36,52,277,34,40,85,352,32,41,58,082,,49,32,274,*7A
$GPGSV,5,5,17,50,10,089,*4A
$GLGSV,3,1,09,67,37,060,21,68,56,137,20,69,23,190,,78,10,161,*6A
$GLGSV,3,2,09,79,49,202,,80,42,289,27,81,00,050,,82,06,008,18*67
$GLGSV,3,3,09,83,03,321,*54
$GNGLL,0419.75715,S,05539.69445,E,074928.00,A,A*67
$GNRMC,074929.00,A,0419.75720,S,05539.69449,E,0.184,,260525,,,A*7E
$GNVTG,,T,,M,0.184,N,0.342,K,A*35
$GNGGA,074929.00,0419.75720,S,05539.69449,E,1,12,0.88,23.7,M,-47.6,M,,*44
$GNGSA,A,3,25,23,12,15,10,29,18,28,05,,,,1.57,0.88,1.30*10
$GNGSA,A,3,68,80,67,82,,,,,,,,,1.57,0.88,1.30*10
$GPGSV,5,1,17,05,09,028,22,10,34,225,20,12,48,151,19,13,08,073,*70
$GPGSV,5,2,17,15,43,089,26,18,22,328,29,23,70,273,30,24,19,148,*75
$GPGSV,5,3,17,25,79,212,22,28,11,259,21,29,30,014,23,32,06,214,*7A
$GPGSV,5,4,17,36,52,277,34,40,85,352,33,41,58,082,,49,32,274,*7B
$GPGSV,5,5,17,50,10,089,*4A
$GLGSV,3,1,09,67,37,060,21,68,56,137,19,69,23,190,,78,10,161,*60
$GLGSV,3,2,09,79,49,202,20,80,42,289,27,81,00,050,,82,06,008,15*68
$GLGSV,3,3,09,83,03,321,*54
$GNGLL,0419.75720,S,05539.69449,E,074929.00,A,A*6C
$GNRMC,074930.00,A,0419.75710,S,05539.69450,E,0.415,,260525,,,A*70
$GNVTG,,T,,M,0.415,N,0.769,K,A*35
$GNGGA,074930.00,0419.75710,S,05539.69450,E,1,12,0.88,23.3,M,-47.6,M,,*43
$GNGSA,A,3,25,23,12,15,10,29,18,28,05,,,,1.57,0.88,1.30*10
$GNGSA,A,3,68,80,67,82,,,,,,,,,1.57,0.88,1.30*10
$GPGSV,5,1,17,05,09,028,22,10,34,225,21,12,48,151,18,13,08,073,*70
$GPGSV,5,2,17,15,43,089,25,18,22,328,28,23,70,273,30,24,19,148,*77
$GPGSV,5,3,17,25,79,212,23,28,11,259,20,29,30,014,22,32,06,214,*7B
$GPGSV,5,4,17,36,52,277,33,40,85,352,32,41,58,082,,49,32,274,*7D
$GPGSV,5,5,17,50,10,089,*4A
$GLGSV,3,1,09,67,37,060,22,68,56,137,18,69,23,190,,78,10,161,*62
$GLGSV,3,2,09,79,49,202,18,80,42,289,26,81,00,050,,82,06,008,13*64
$GLGSV,3,3,09,83,03,321,*54
$GNGLL,0419.75710,S,05539.69450,E,074930.00,A,A*6F
$GNRMC,074937.00,A,0419.75797,S,05539.69415,E,0.383,,260525,,,A*71
$GNVTG,,T,,M,0.383,N,0.709,K,A*3B
$GNGGA,074937.00,0419.75797,S,05539.69415,E,1,12,0.85,20.4,M,-47.6,M,,*43
$GNGSA,A,3,25,23,12,15,10,29,18,28,05,,,,1.55,0.85,1.30*1F
$GNGSA,A,3,68,79,80,67,82,,,,,,,,1.55,0.85,1.30*11
$GPGSV,5,1,17,05,09,028,17,10,34,225,23,12,48,151,15,13,08,073,*79
$GPGSV,5,2,17,15,43,089,24,18,22,328,27,23,70,273,25,24,19,148,*7D
$GPGSV,5,3,17,25,79,212,23,28,11,259,21,29,30,014,23,32,06,214,*7B
$GPGSV,5,4,17,36,52,277,33,40,85,352,31,41,58,082,,49,32,274,*7E
$GPGSV,5,5,17,50,10,089,*4A
$GLGSV,3,1,09,67,37,059,20,68,56,137,20,69,23,190,,78,10,161,*61
$GLGSV,3,2,09,79,49,202,13,80,42,289,25,81,00,050,,82,06,008,18*67
$GLGSV,3,3,09,83,03,321,*54
$GNGLL,0419.75797,S,05539.69415,E,074937.00,A,A*66
$GPGSV,5,4,17,36,52,277,34,40,85,352,32,41,58,082,,49,32,274,*7A
$GPGSV,5,5,17,50,10,089,*4A
$GLGSV,3,1,09,67,37,059,21,68,57,136,19,69,23,190,,78,10,161,*6A
$GLGSV,3,2,09,79,49,202,14,80,42,289,26,81,00,050,,82,06,008,18*63
$GLGSV,3,3,09,83,03,321,*54
$GNGLL,0419.75815,S,05539.69404,E,074938.00,A,A*6C
$GNRMC,074942.00,A,0419.75855,S,05539.69380,E,0.410,,260525,,,A*74
$GNVTG,,T,,M,0.410,N,0.760,K,A*39
$GNGGA,074942.00,0419.75855,S,05539.69380,E,1,12,0.85,20.0,M,-47.6,M,,*4F
$GNGSA,A,3,25,23,12,15,10,29,18,28,05,,,,1.55,0.85,1.30*1F
$GNGSA,A,3,68,79,80,67,82,,,,,,,,1.55,0.85,1.30*11
$GPGSV,5,1,17,05,09,028,20,10,34,225,24,12,48,151,22,13,08,073,*7E
$GPGSV,5,2,17,15,43,089,27,18,22,328,28,23,70,273,28,24,19,148,09*75
$GPGSV,5,3,17,25,79,212,26,28,11,259,20,29,30,014,28,32,06,214,*74
$GPGSV,5,4,17,36,52,277,35,40,85,352,33,41,58,082,,49,32,274,*7A
$GPGSV,5,5,17,50,10,089,*4A
$GLGSV,3,1,09,67,37,059,22,68,57,136,18,69,23,190,,78,10,161,*68
$GLGSV,3,2,09,79,49,202,18,80,42,289,27,81,00,050,,82,06,008,24*61
$GLGSV,3,3,09,83,03,321,*54
$GNGLL,0419.75855,S,05539.69380,E,074942.00,A,A*6E
$GNRMC,074946.00,A,0419.75934,S,05539.69363,E,0.590,,260525,,,A*72
$GNVTG,,T,,M,0.590,N,1.092,K,A*3B
$GNGGA,074946.00,0419.75934,S,05539.69363,E,1,12,0.85,17.4,M,-47.6,M,,*40
$GNGSA,A,3,25,23,12,15,10,29,18,28,05,,,,1.55,0.85,1.30*1F
$GNGSA,A,3,68,79,80,67,82,,,,,,,,1.55,0.85,1.30*11
$GPGSV,5,1,17,05,09,028,18,10,34,225,23,12,48,151,17,13,08,073,*74
$GPGSV,5,2,17,15,43,089,27,18,22,328,28,23,70,273,29,24,19,148,09*74
$GPGSV,5,3,17,25,79,212,27,28,11,259,19,29,30,014,25,32,06,214,*72
$GPGSV,5,4,17,36,52,277,34,40,85,352,33,41,58,082,,49,32,274,*7B
$GPGSV,5,5,17,50,10,089,*4A
$GLGSV,3,1,09,67,37,059,22,68,57,136,20,69,23,190,,78,10,161,*63
$GLGSV,3,2,09,79,49,202,19,80,42,289,26,81,00,050,,82,06,008,17*61
$GLGSV,3,3,09,83,03,321,16*53
$GNGLL,0419.75934,S,05539.69363,E,074946.00,A,A*61
$GNRMC,074948.00,A,0419.75969,S,05539.69349,E,0.400,,260525,,,A*74
$GNVTG,,T,,M,0.400,N,0.741,K,A*3B
$GNGGA,074948.00,0419.75969,S,05539.69349,E,1,12,0.71,16.2,M,-47.6,M,,*42
$GNGSA,A,3,25,23,12,15,10,29,18,24,28,05,,,1.29,0.71,1.08*12
$GNGSA,A,3,68,79,80,67,82,,,,,,,,1.29,0.71,1.08*1A
$GPGSV,5,1,17,05,09,028,18,10,34,225,21,12,48,151,19,13,08,073,*78
$GPGSV,5,2,17,15,43,089,26,18,22,328,26,23,70,273,27,24,19,148,09*75
$GPGSV,5,3,17,25,79,212,26,28,11,259,17,29,30,014,25,32,06,214,*7D
$GPGSV,5,4,17,36,52,277,33,40,85,352,32,41,58,082,,49,32,274,*7D
$GPGSV,5,5,17,50,10,089,*4A
$GLGSV,3,1,09,67,37,059,19,68,57,136,17,69,23,190,,78,10,161,*6F
$GLGSV,3,2,09,79,49,202,18,80,42,289,25,81,00,050,,82,06,008,16*62
$GLGSV,3,3,09,83,03,321,10*55
$GNGLL,0419.75969,S,05539.69349,E,074948.00,A,A*6F
$GPGSV,5,4,17,36,52,277,32,40,85,352,31,41,58,082,,49,32,274,*7F
$GPGSV,5,5,17,50,10,089,*4A
$GLGSV,3,1,09,67,37,059,22,68,57,136,08,69,23,190,,78,10,161,*69
$GLGSV,3,2,09,79,49,201,11,80,42,288,25,81,00,050,,82,06,008,21*6D
$GLGSV,3,3,09,83,03,321,08*5C
$GNGLL,0419.76004,S,05539.69336,E,074951.00,A,A*6E
$GNRMC,074952.00,A,0419.76004,S,05539.69335,E,0.299,,260525,,,A*73
$GNVTG,,T,,M,0.299,N,0.553,K,A*3C
$GNGGA,074952.00,0419.76004,S,05539.69335,E,1,11,1.03,14.4,M,-47.6,M,,*40
$GNGSA,A,3,25,23,12,15,10,29,18,05,,,,,1.91,1.03,1.62*15
$GNGSA,A,3,80,67,82,,,,,,,,,,1.91,1.03,1.62*11
$GPGSV,5,1,17,05,09,028,17,10,34,225,21,12,48,151,16,13,08,073,07*7F
$GPGSV,5,2,17,15,43,089,25,18,22,328,25,23,70,273,28,24,19,148,10*72
$GPGSV,5,3,17,25,79,212,26,28,11,259,11,29,30,014,23,32,06,214,*7D
$GPGSV,5,4,17,36,52,277,33,40,85,352,31,41,58,082,,49,32,274,*7E
$GPGSV,5,5,17,50,10,089,*4A
$GLGSV,3,1,09,67,37,059,22,68,57,136,07,69,23,190,,78,10,161,*66
$GLGSV,3,2,09,79,49,201,10,80,42,288,25,81,00,050,,82,06,008,21*6C
$GLGSV,3,3,09,83,03,321,08*5C
$GNGLL,0419.76004,S,05539.69335,E,074952.00,A,A*6E
$GNGGA,074954.00,0419.75999,S,05539.69337,E,1,12,0.85,14.1,M,-47.6,M,,*43
$GNGSA,A,3,25,23,12,15,10,29,18,28,05,,,,1.55,0.85,1.30*1F
$GNGSA,A,3,68,79,80,67,82,,,,,,,,1.55,0.85,1.30*11
$GPGSV,5,1,17,05,09,028,16,10,34,225,22,12,48,151,19,13,08,073,06*73
$GPGSV,5,2,17,15,43,089,24,18,22,328,26,23,70,273,30,24,19,148,10*79
$GPGSV,5,3,17,25,79,212,27,28,11,259,18,29,30,014,28,32,06,214,*7E
$GPGSV,5,4,17,36,52,277,34,40,85,352,32,41,58,082,,49,32,274,*7A
$GPGSV,5,5,17,50,10,089,*4A
$GLGSV,3,1,09,67,37,059,24,68,57,136,12,69,23,190,,78,10,161,*64
$GLGSV,3,2,09,79,49,201,11,80,42,288,26,81,00,050,,82,06,008,22*6D
$GLGSV,3,3,09,83,03,322,14*52
$GNGLL,0419.75999,S,05539.69337,E,074954.00,A,A*64
$GNRMC,074955.00,A,0419.76013,S,05539.69341,E,0.515,,260525,,,A*72
$GNVTG,,T,,M,0.515,N,0.954,K,A*34
$GNGGA,074955.00,0419.76013,S,05539.69341,E,1,12,0.85,13.7,M,-47.6,M,,*4A
$GNGSA,A,3,25,23,12,15,10,29,18,28,05,,,,1.55,0.85,1.30*1F
$GNGSA,A,3,68,79,80,67,82,,,,,,,,1.55,0.85,1.30*11
$GPGSV,5,1,17,05,09,028,14,10,34,225,24,12,48,151,18,13,08,073,06*76
$GPGSV,5,2,17,15,43,089,24,18,22,328,26,23,70,273,30,24,19,148,10*79
$GPGSV,5,3,17,25,79,212,27,28,11,259,18,29,30,014,27,32,06,214,*71
$GPGSV,5,4,17,36,52,277,34,40,85,352,32,41,58,082,,49,32,274,*7A
$GPGSV,5,5,17,50,10,089,*4A
$GLGSV,3,1,09,67,37,059,25,68,57,136,14,69,23,190,,78,10,161,*63
$GLGSV,3,2,09,79,49,201,16,80,42,288,27,81,00,050,,82,06,008,21*68
$GLGSV,3,3,09,83,03,322,16*50
$GNGLL,0419.76013,S,05539.69341,E,074955.00,A,A*6C
$GNRMC,074956.00,A,0419.76005,S,05539.69345,E,0.349,,260525,,,A*7D
$GNVTG,,T,,M,0.349,N,0.646,K,A*37
$GNGGA,074956.00,0419.76005,S,05539.69345,E,1,12,0.78,13.7,M,-47.6,M,,*48
$GNGSA,A,3,25,23,12,15,10,29,18,28,05,13,,,1.37,0.78,1.13*1A
$GNGSA,A,3,68,79,80,67,82,,,,,,,,1.37,0.78,1.13*16
$GPGSV,5,1,17,05,09,028,14,10,34,225,25,12,48,151,19,13,08,073,10*71
$GPGSV,5,2,17,15,43,089,25,18,22,328,26,23,70,273,30,24,19,148,10*78
$GPGSV,5,3,17,25,79,212,27,28,11,259,17,29,30,014,26,32,06,214,*7F
$GPGSV,5,4,17,36,52,277,34,40,85,352,32,41,58,082,,49,32,274,*7A
$GPGSV,5,5,17,50,10,089,*4A
$GLGSV,3,1,09,67,37,059,25,68,57,136,14,69,23,190,,78,10,161,*63
$GLGSV,3,2,09,79,49,201,17,80,42,288,28,81,00,050,,82,06,008,20*67
$GLGSV,3,3,09,83,03,322,16*50
$GNGLL,0419.76005,S,05539.69345,E,074956.00,A,A*6C
$GNRMC,074957.00,A,0419.76004,S,05539.69351,E,0.315,,260525,,,A*71
$GNVTG,,T,,M,0.315,N,0.583,K,A*34
$GNGGA,074957.00,0419.76004,S,05539.69351,E,1,12,0.85,13.5,M,-47.6,M,,*4D
$GNGSA,A,3,25,23,12,15,10,29,18,28,05,13,,,1.55,0.85,1.30*1D
$GNGSA,A,3,68,79,80,67,82,,,,,,,,1.55,0.85,1.30*11
$GPGSV,5,1,17,05,09,028,16,10,34,225,25,12,48,151,18,13,08,073,10*72
$GPGSV,5,2,17,15,43,089,25,18,22,328,27,23,70,273,31,24,19,148,10*78
$GPGSV,5,3,17,25,79,212,27,28,11,259,15,29,30,014,27,32,06,214,*7C
$GPGSV,5,4,17,36,52,277,34,40,85,352,33,41,58,082,,49,32,274,*7B
$GPGSV,5,5,17,50,10,089,*4A
$GLGSV,3,1,09,67,37,059,25,68,57,136,14,69,23,190,,78,10,161,*63
$GLGSV,3,2,09,79,49,201,18,80,42,288,28,81,00,050,,82,06,008,19*62
$GLGSV,3,3,09,83,03,322,16*50
$GNGLL,0419.76004,S,05539.69351,E,074957.00,A,A*69
$GNRMC,074958.00,A,0419.76016,S,05539.69351,E,0.486,,260525,,,A*70
$GNVTG,,T,,M,0.486,N,0.900,K,A*3E
$GNGGA,074958.00,0419.76016,S,05539.69351,E,1,12,0.85,13.2,M,-47.6,M,,*46
$GNGSA,A,3,25,23,12,15,10,29,18,28,05,13,,,1.55,0.85,1.30*1D
$GNGSA,A,3,68,79,80,67,82,,,,,,,,1.55,0.85,1.30*11
$GPGSV,5,1,17,05,09,028,16,10,34,225,25,12,48,151,17,13,08,073,11*7C
$GPGSV,5,2,17,15,43,089,25,18,22,328,28,23,70,273,30,24,19,148,10*76
$GPGSV,5,3,17,25,79,212,27,28,11,259,12,29,30,014,28,32,06,214,*74
$GPGSV,5,4,17,36,52,277,34,40,85,352,32,41,58,082,,49,32,274,*7A
$GPGSV,5,5,17,50,10,089,*4A
$GLGSV,3,1,09,67,37,059,26,68,57,136,14,69,23,190,,78,10,161,*60
$GLGSV,3,2,09,79,49,201,18,80,42,288,28,81,00,050,,82,06,008,19*62
$GLGSV,3,3,09,83,03,322,16*50
$GNGLL,0419.76016,S,05539.69351,E,074958.00,A,A*65
$GNRMC,074959.00,A,0419.76027,S,05539.69348,E,0.520,,260525,,,A*76
$GNVTG,,T,,M,0.520,N,0.964,K,A*31
$GNGGA,074959.00,0419.76027,S,05539.69348,E,1,12,0.85,13.0,M,-47.6,M,,*4F
$GNGSA,A,3,25,23,12,15,10,29,18,28,05,,,,1.55,0.85,1.30*1F
$GNGSA,A,3,68,79,80,67,82,,,,,,,,1.55,0.85,1.30*11
$GPGSV,5,1,17,05,09,028,15,10,34,225,23,12,48,151,16,13,08,073,11*78
$GPGSV,5,2,17,15,43,089,25,18,22,328,27,23,70,273,30,24,19,148,*78
$GPGSV,5,3,17,25,79,212,27,28,11,259,10,29,30,014,27,32,06,214,*79
$GPGSV,5,4,17,36,52,277,34,40,85,352,32,41,58,082,,49,32,274,*7A
$GPGSV,5,5,17,50,10,089,*4A
$GLGSV,3,1,09,67,37,059,25,68,57,136,13,69,23,190,,78,10,161,*64
$GLGSV,3,2,09,79,49,201,19,80,42,288,28,81,00,050,,82,06,008,22*6B
$GLGSV,3,3,09,83,03,322,15*53
$GNGLL,0419.76027,S,05539.69348,E,074959.00,A,A*6E
$GNRMC,075000.00,A,0419.76053,S,05539.69353,E,0.736,,260525,,,A*7E
$GNVTG,,T,,M,0.736,N,1.362,K,A*39
$GNGGA,075000.00,0419.76053,S,05539.69353,E,1,12,0.85,12.3,M,-47.6,M,,*40
$GNGSA,A,3,25,23,12,15,10,29,18,28,05,,,,1.55,0.85,1.30*1F
$GNGSA,A,3,68,79,80,67,82,,,,,,,,1.55,0.85,1.30*11
$GPGSV,5,1,17,05,09,028,13,10,34,225,20,12,48,151,15,13,08,073,11*7E
$GPGSV,5,2,17,15,43,089,24,18,22,328,26,23,70,273,31,24,19,148,*79
$GPGSV,5,3,17,25,79,212,26,28,11,259,13,29,30,014,27,32,06,214,*7B
$GPGSV,5,4,17,36,52,277,34,40,85,352,31,41,58,082,,49,32,274,*79
$GPGSV,5,5,17,50,10,089,*4A
$GLGSV,3,1,09,67,37,059,24,68,57,136,13,69,23,190,,78,10,161,*65
$GLGSV,3,2,09,79,49,201,21,80,42,288,28,81,00,050,,82,06,008,24*66
$GLGSV,3,3,09,83,03,322,15*53
$GNGLL,0419.76053,S,05539.69353,E,075000.00,A,A*63
$GNRMC,075001.00,A,0419.76075,S,05539.69355,E,0.644,,260525,,,A*79
$GNVTG,,T,,M,0.644,N,1.193,K,A*31
$GNGGA,075001.00,0419.76075,S,05539.69355,E,1,12,0.85,11.6,M,-47.6,M,,*45
$GNGSA,A,3,25,23,12,15,10,29,18,28,05,,,,1.55,0.85,1.30*1F
$GNGSA,A,3,68,79,80,67,82,,,,,,,,1.55,0.85,1.30*11
$GPGSV,5,1,17,05,09,028,14,10,34,225,19,12,48,151,15,13,08,073,11*73
$GPGSV,5,2,17,15,43,089,22,18,22,328,27,23,70,273,30,24,19,148,*7F
$GPGSV,5,3,17,25,79,212,25,28,11,259,16,29,30,014,26,32,06,214,*7C
$GPGSV,5,4,17,36,52,277,33,40,85,352,31,41,58,082,,49,32,274,*7E
$GPGSV,5,5,17,50,10,089,*4A
$GLGSV,3,1,09,67,37,059,25,68,57,136,12,69,23,190,,78,10,161,*65
$GLGSV,3,2,09,79,49,201,21,80,42,288,28,81,00,050,,82,06,008,24*66
$GLGSV,3,3,09,83,03,322,15*53
$GNGLL,0419.76075,S,05539.69355,E,075001.00,A,A*60
$GLGSV,3,3,09,83,03,322,12*54
$GNGLL,0419.76078,S,05539.69356,E,075002.00,A,A*6D
$GNRMC,075004.00,A,0419.76070,S,05539.69359,E,0.262,,260525,,,A*75
$GNVTG,,T,,M,0.262,N,0.484,K,A*33
$GNGGA,075004.00,0419.76070,S,05539.69359,E,1,12,0.85,11.9,M,-47.6,M,,*46
$GNGSA,A,3,25,23,12,15,10,29,18,28,05,,,,1.55,0.85,1.30*1F
$GNGSA,A,3,68,79,80,67,82,,,,,,,,1.55,0.85,1.30*11
$GPGSV,5,1,17,05,08,028,11,10,34,225,23,12,48,151,17,13,08,073,*7C
$GPGSV,5,2,17,15,43,089,25,18,22,328,26,23,70,273,30,24,19,148,*79
$GPGSV,5,3,17,25,79,212,27,28,11,259,16,29,30,014,26,32,06,214,*7E
$GPGSV,5,4,17,36,52,277,33,40,85,352,32,41,58,082,,49,32,274,*7D
$GPGSV,5,5,17,50,10,089,*4A
$GLGSV,3,1,09,67,37,059,25,68,57,136,13,69,23,190,,78,10,161,*64
$GLGSV,3,2,09,79,49,201,17,80,42,288,26,81,00,050,,82,06,008,23*6A
$GLGSV,3,3,09,83,03,322,06*51
$GNGLL,0419.76070,S,05539.69359,E,075004.00,A,A*6C
$GNRMC,075005.00,A,0419.76070,S,05539.69355,E,0.456,,260525,,,A*79
$GNVTG,,T,,M,0.456,N,0.844,K,A*32
$GNGGA,075005.00,0419.76070,S,05539.69355,E,1,12,0.87,11.8,M,-47.6,M,,*48
$GNGSA,A,3,25,23,12,15,10,29,18,28,,,,,1.64,0.87,1.39*13
$GNGSA,A,3,68,79,80,67,82,,,,,,,,1.64,0.87,1.39*18
$GPGSV,5,1,17,05,08,028,09,10,34,225,24,12,48,151,17,13,08,073,*72
$GPGSV,5,2,17,15,43,089,25,18,22,328,25,23,70,273,30,24,19,148,*7A
$GPGSV,5,3,17,25,79,212,27,28,11,259,15,29,30,014,26,32,06,214,*7D
$GPGSV,5,4,17,36,52,277,33,40,85,352,32,41,58,082,,49,32,274,*7D
$GPGSV,5,5,17,50,10,089,*4A
$GLGSV,3,1,09,67,37,059,25,68,57,136,13,69,23,190,,78,10,161,*64
$GLGSV,3,2,09,79,49,201,18,80,42,288,27,81,00,050,,82,06,008,23*64
$GLGSV,3,3,09,83,03,322,14*52
$GNGLL,0419.76070,S,05539.69355,E,075005.00,A,A*61
$GNRMC,075006.00,A,0419.76059,S,05539.69347,E,0.265,,260525,,,A*74
$GNVTG,,T,,M,0.265,N,0.491,K,A*30
$GNGGA,075006.00,0419.76059,S,05539.69347,E,1,12,0.87,12.0,M,-47.6,M,,*48
$GNGSA,A,3,25,23,12,15,10,29,18,28,,,,,1.64,0.87,1.39*13
$GNGSA,A,3,68,79,80,67,82,,,,,,,,1.64,0.87,1.39*18
$GPGSV,5,1,17,05,08,028,08,10,34,225,24,12,48,151,18,13,08,073,*7C
$GPGSV,5,2,17,15,43,089,23,18,22,328,26,23,70,273,31,24,19,148,*7E
$GPGSV,5,3,17,25,79,212,27,28,11,259,17,29,30,014,25,32,06,214,*7C
$GPGSV,5,4,17,36,52,277,36,40,85,352,32,41,58,082,,49,32,274,*78
$GPGSV,5,5,17,50,10,089,*4A
$GLGSV,3,1,09,67,37,059,23,68,57,136,15,69,23,190,,78,10,161,*64
$GLGSV,3,2,09,79,49,201,18,80,42,288,27,81,00,050,,82,06,008,23*64
$GLGSV,3,3,09,83,03,322,14*52
$GNGLL,0419.76059,S,05539.69347,E,075006.00,A,A*6A
$GNRMC,075007.00,A,0419.76042,S,05539.69345,E,0.322,,260525,,,A*7F
$GNVTG,,T,,M,0.322,N,0.596,K,A*34
$GNGGA,075007.00,0419.76042,S,05539.69345,E,1,12,0.87,12.5,M,-47.6,M,,*44
$GNGSA,A,3,25,23,12,15,10,29,18,28,,,,,1.64,0.87,1.39*13
$GNGSA,A,3,68,79,80,67,82,,,,,,,,1.64,0.87,1.39*18
$GPGSV,5,1,17,05,08,028,09,10,34,225,23,12,48,151,16,13,08,073,*74
$GPGSV,5,2,17,15,43,089,23,18,22,328,26,23,70,273,30,24,19,148,*7F
$GPGSV,5,3,17,25,79,212,26,28,11,259,19,29,30,014,25,32,06,214,*73
$GPGSV,5,4,17,36,52,277,33,40,85,352,31,41,58,082,,49,32,274,*7E
$GPGSV,5,5,17,50,10,089,*4A
$GLGSV,3,1,09,67,37,059,20,68,57,136,14,69,23,190,,78,10,161,*66
$GLGSV,3,2,09,79,49,201,20,80,42,288,27,81,00,050,,82,06,008,22*6E
$GLGSV,3,3,09,83,03,322,15*53
$GNGLL,0419.76042,S,05539.69345,E,075007.00,A,A*63
$GNRMC,075008.00,A,0419.76072,S,05539.69352,E,0.900,,260525,,,A*7F
$GNVTG,,T,,M,0.900,N,1.666,K,A*33
$GNGGA,075008.00,0419.76072,S,05539.69352,E,1,12,0.85,11.9,M,-47.6,M,,*43
$GNGSA,A,3,25,23,12,15,10,29,18,28,05,,,,1.55,0.85,1.30*1F
$GNGSA,A,3,68,79,80,67,82,,,,,,,,1.55,0.85,1.30*11
$GPGSV,5,1,17,05,08,028,17,10,34,226,22,12,48,151,15,13,08,073,*7A
$GPGSV,5,2,17,15,43,089,21,18,22,328,27,23,70,273,31,24,19,148,*7D
$GPGSV,5,3,17,25,79,212,25,28,11,259,18,29,30,014,26,32,06,214,*72
$GPGSV,5,4,17,36,52,277,34,40,85,352,31,41,58,082,,49,32,274,*79
$GPGSV,5,5,17,50,10,089,*4A
$GLGSV,3,1,09,67,37,059,20,68,57,136,16,69,23,190,,78,10,161,*64
$GLGSV,3,2,09,79,49,201,20,80,42,288,27,81,00,050,,82,06,008,23*6F
$GLGSV,3,3,09,83,03,322,19*5F
$GNGLL,0419.76072,S,05539.69352,E,075008.00,A,A*69
$GNRMC,075009.00,A,0419.76084,S,05539.69356,E,0.488,,260525,,,A*7E
$GNVTG,,T,,M,0.488,N,0.904,K,A*34
$GNGGA,075009.00,0419.76084,S,05539.69356,E,1,12,0.87,11.8,M,-47.6,M,,*4C
$GNGSA,A,3,25,23,12,15,10,29,18,28,05,,,,1.64,0.87,1.39*16
$GNGSA,A,3,68,79,80,67,82,,,,,,,,1.64,0.87,1.39*18
$GPGSV,5,1,17,05,08,028,17,10,34,226,22,12,48,151,14,13,08,073,*7B
$GPGSV,5,2,17,15,43,089,21,18,22,328,29,23,70,273,31,24,19,148,*73
$GPGSV,5,3,17,25,79,212,25,28,11,259,17,29,30,014,27,32,06,214,*7C
$GPGSV,5,4,17,36,52,277,35,40,85,352,32,41,58,082,,49,32,274,*7B
$GPGSV,5,5,17,50,10,089,*4A
$GLGSV,3,1,09,67,37,059,23,68,57,136,15,69,23,190,,78,10,161,*64
$GLGSV,3,2,09,79,49,201,18,80,42,288,26,81,00,050,,82,06,008,25*63
$GLGSV,3,3,09,83,03,322,21*54
$GNGLL,0419.76084,S,05539.69356,E,075009.00,A,A*65
$GNRMC,075010.00,A,0419.76106,S,05539.69354,E,0.542,,260525,,,A*78
$GNVTG,,T,,M,0.542,N,1.004,K,A*3B
$GNGGA,075010.00,0419.76106,S,05539.69354,E,1,12,0.87,11.3,M,-47.6,M,,*46
$GNGSA,A,3,25,23,12,15,10,29,18,28,05,,,,1.64,0.87,1.39*16
$GNGSA,A,3,68,79,80,67,82,,,,,,,,1.64,0.87,1.39*18
$GPGSV,5,1,17,05,08,028,17,10,34,226,21,12,48,151,11,13,08,073,*7D
$GPGSV,5,2,17,15,43,089,23,18,22,328,29,23,70,273,31,24,19,148,*71
$GPGSV,5,3,17,25,79,212,24,28,11,259,16,29,30,014,26,32,06,214,*7D
$GPGSV,5,4,17,36,52,277,35,40,85,352,31,41,58,082,,49,32,274,*78
$GPGSV,5,5,17,50,10,089,*4A
$GLGSV,3,1,09,67,37,059,24,68,57,136,14,69,23,190,,78,10,161,*62
$GLGSV,3,2,09,79,49,201,18,80,42,288,25,81,00,050,,82,06,008,26*63
$GLGSV,3,3,09,83,03,322,23*56
$GNGLL,0419.76106,S,05539.69354,E,075010.00,A,A*64
$GNRMC,075011.00,A,0419.76112,S,05539.69354,E,0.593,,260525,,,A*70
$GNVTG,,T,,M,0.593,N,1.097,K,A*3D
$GNGGA,075011.00,0419.76112,S,05539.69354,E,1,12,0.85,11.4,M,-47.6,M,,*47
$GNGSA,A,3,25,23,12,15,10,29,18,28,05,,,,1.55,0.85,1.30*1F
$GNGSA,A,3,68,79,80,67,82,,,,,,,,1.55,0.85,1.30*11
$GPGSV,5,1,17,05,08,028,17,10,34,226,20,12,48,151,09,13,08,073,*75
$GPGSV,5,2,17,15,43,089,23,18,22,328,30,23,70,273,30,24,19,148,*78
$GPGSV,5,3,17,25,79,212,22,28,11,259,15,29,30,014,27,32,06,214,*79
$GPGSV,5,4,17,36,52,277,35,40,85,352,31,41,58,082,,49,32,274,*78
$GPGSV,5,5,17,50,10,089,*4A
$GLGSV,3,1,09,67,37,059,25,68,57,136,14,69,23,190,,78,10,161,*63
$GLGSV,3,2,09,79,49,201,17,80,42,288,25,81,00,050,,82,06,008,26*6C
$GLGSV,3,3,09,83,03,322,22*57
$GNGLL,0419.76112,S,05539.69354,E,075011.00,A,A*60
$GNRMC,075015.00,A,0419.76136,S,05539.69359,E,0.441,,260525,,,A*71
$GNVTG,,T,,M,0.441,N,0.816,K,A*33
$GNGGA,075015.00,0419.76136,S,05539.69359,E,1,12,0.87,10.8,M,-47.6,M,,*47
$GNGSA,A,3,25,23,12,15,10,29,18,28,05,,,,1.64,0.87,1.39*16
$GNGSA,A,3,68,79,80,67,82,,,,,,,,1.64,0.87,1.39*18
$GPGSV,5,1,17,05,08,028,16,10,34,226,25,12,48,151,07,13,08,073,*7F
$GPGSV,5,2,17,15,43,088,25,18,22,328,28,23,70,273,30,24,19,148,*76
$GPGSV,5,3,17,25,79,212,26,28,11,259,15,29,30,014,29,32,06,214,*73
$GPGSV,5,4,17,36,52,277,35,40,85,352,32,41,58,082,,49,32,274,*7B
$GPGSV,5,5,17,50,10,089,*4A
$GLGSV,3,1,09,67,37,059,27,68,57,136,17,69,23,190,,78,10,161,*62
$GLGSV,3,2,09,79,49,201,10,80,42,288,27,81,00,050,,82,06,008,24*6B
$GLGSV,3,3,09,83,03,322,21*54
$GNGLL,0419.76136,S,05539.69359,E,075015.00,A,A*6F
$GNRMC,075016.00,A,0419.76130,S,05539.69356,E,0.245,,260525,,,A*79
$GNVTG,,T,,M,0.245,N,0.454,K,A*3B
$GNGGA,075016.00,0419.76130,S,05539.69356,E,1,12,0.87,10.9,M,-47.6,M,,*4C
$GNGSA,A,3,25,23,12,15,10,29,18,28,05,,,,1.64,0.87,1.39*16
$GNGSA,A,3,68,79,80,67,82,,,,,,,,1.64,0.87,1.39*18
$GPGSV,5,1,17,05,08,028,16,10,34,226,25,12,48,151,07,13,08,073,*7F
$GPGSV,5,2,17,15,43,088,26,18,22,328,28,23,70,273,30,24,19,148,*75
$GPGSV,5,3,17,25,79,212,26,28,11,259,16,29,30,014,30,32,06,214,*78
$GPGSV,5,4,17,36,52,277,35,40,85,352,33,41,58,082,,49,32,274,*7A
$GPGSV,5,5,17,50,10,089,*4A
$GLGSV,3,1,09,67,37,059,26,68,57,136,17,69,23,190,,78,10,161,*63
$GLGSV,3,2,09,79,49,201,11,80,42,288,27,81,00,050,,82,06,008,24*6A
$GLGSV,3,3,09,83,03,322,21*54
$GNGLL,0419.76130,S,05539.69356,E,075016.00,A,A*65
$GNRMC,075017.00,A,0419.76122,S,05539.69359,E,0.382,,260525,,,A*7E
$GNVTG,,T,,M,0.382,N,0.708,K,A*3B
$GNGGA,075017.00,0419.76122,S,05539.69359,E,1,12,0.85,11.0,M,-47.6,M,,*4B
$GNGSA,A,3,25,23,12,15,10,29,18,28,05,,,,1.55,0.85,1.29*17
$GNGSA,A,3,68,79,80,67,82,,,,,,,,1.55,0.85,1.29*19
$GPGSV,5,1,17,05,08,028,16,10,34,226,25,12,48,151,07,13,08,073,*7F
$GPGSV,5,2,17,15,43,088,26,18,22,328,28,23,70,273,31,24,19,148,*74
$GPGSV,5,3,17,25,79,212,26,28,11,259,16,29,30,014,30,32,06,214,*78
$GPGSV,5,4,17,36,52,277,36,40,85,352,33,41,58,082,,49,32,274,*79
$GPGSV,5,5,17,50,10,089,*4A
$GLGSV,3,1,09,67,37,059,25,68,57,136,18,69,23,190,,78,10,161,*6F
$GLGSV,3,2,09,79,49,201,11,80,42,288,27,81,00,050,,82,06,008,25*6B
$GLGSV,3,3,09,83,03,322,20*55
$GNGLL,0419.76122,S,05539.69359,E,075017.00,A,A*68
$GNRMC,075018.00,A,0419.76119,S,05539.69360,E,0.176,,260525,,,A*7A
$GNVTG,,T,,M,0.176,N,0.326,K,A*3A
$GNGGA,075018.00,0419.76119,S,05539.69360,E,1,12,0.87,10.9,M,-47.6,M,,*4C
$GNGSA,A,3,25,23,12,15,10,29,18,28,05,,,,1.64,0.87,1.39*16
$GNGSA,A,3,68,79,80,67,82,,,,,,,,1.64,0.87,1.39*18
$GPGSV,5,1,17,05,08,028,16,10,34,226,25,12,48,151,07,13,08,073,*7F
$GPGSV,5,2,17,15,43,088,26,18,22,328,28,23,70,273,30,24,19,148,*75
$GPGSV,5,3,17,25,79,212,26,28,11,259,17,29,30,014,30,32,06,214,*79
$GPGSV,5,4,17,36,52,277,35,40,85,352,33,41,58,082,,49,32,274,*7A
$GPGSV,5,5,17,50,10,089,*4A
$GLGSV,3,1,09,67,37,059,25,68,57,136,18,69,23,190,,78,10,161,*6F
$GLGSV,3,2,09,79,49,201,15,80,42,288,27,81,00,050,,82,06,008,26*6C
$GLGSV,3,3,09,83,03,322,20*55
$GNGLL,0419.76119,S,05539.69360,E,075018.00,A,A*65
$GNRMC,075020.00,A,0419.76106,S,05539.69349,E,0.256,,260525,,,A*75
$GNVTG,,T,,M,0.256,N,0.475,K,A*3A
$GNGGA,075020.00,0419.76106,S,05539.69349,E,1,12,0.87,11.3,M,-47.6,M,,*49
$GNGSA,A,3,25,23,12,15,10,29,18,28,05,,,,1.64,0.87,1.39*16
$GNGSA,A,3,68,79,80,67,82,,,,,,,,1.64,0.87,1.39*18
$GPGSV,5,1,17,05,08,028,12,10,34,226,25,12,48,151,17,13,08,073,*7A
$GPGSV,5,2,17,15,43,088,25,18,22,328,28,23,70,275,31,24,19,148,*71
$GPGSV,5,3,17,25,79,212,26,28,11,259,18,29,30,014,30,32,06,214,*76
$GPGSV,5,4,17,36,52,277,35,40,85,352,32,41,58,082,,49,32,274,*7B
$GPGSV,5,5,17,50,10,089,*4A
$GLGSV,3,1,09,67,37,059,27,68,57,136,18,69,23,190,,78,10,161,*6D
$GLGSV,3,2,09,79,49,201,16,80,42,288,28,81,00,050,,82,06,008,26*60
$GLGSV,3,3,09,83,03,322,16*50
$GNGLL,0419.76106,S,05539.69349,E,075020.00,A,A*6B
$GNRMC,075021.00,A,0419.76100,S,05539.69344,E,0.175,,260525,,,A*7D
$GNVTG,,T,,M,0.175,N,0.324,K,A*3B
$GNGGA,075021.00,0419.76100,S,05539.69344,E,1,12,0.87,11.4,M,-47.6,M,,*44
$GNGSA,A,3,25,23,12,15,10,29,18,28,05,,,,1.64,0.87,1.39*16
$GNGSA,A,3,68,79,80,67,82,,,,,,,,1.64,0.87,1.39*18
$GPGSV,5,1,17,05,08,028,13,10,34,226,26,12,48,151,17,13,08,073,*78
$GPGSV,5,2,17,15,43,088,24,18,22,328,28,23,70,275,30,24,19,148,*71
$GPGSV,5,3,17,25,79,212,26,28,11,259,17,29,30,014,29,32,06,214,*71
$GPGSV,5,4,17,36,52,277,35,40,85,352,32,41,58,082,,49,32,274,*7B
$GPGSV,5,5,17,50,10,089,*4A
$GLGSV,3,1,09,67,37,059,27,68,57,136,18,69,23,190,,78,10,161,*6D
$GLGSV,3,2,09,79,49,201,15,80,42,288,27,81,00,050,,82,06,008,27*6D
$GLGSV,3,3,09,83,03,322,*57
$GNGLL,0419.76100,S,05539.69344,E,075021.00,A,A*61
$GNRMC,075022.00,A,0419.76099,S,05539.69342,E,0.231,,260525,,,A*7A
$GNVTG,,T,,M,0.231,N,0.428,K,A*33
$GNGGA,075022.00,0419.76099,S,05539.69342,E,1,12,0.87,11.4,M,-47.6,M,,*40
$GNGSA,A,3,25,23,12,15,10,29,18,28,05,,,,1.64,0.87,1.39*16
$GNGSA,A,3,68,79,80,67,82,,,,,,,,1.64,0.87,1.39*18
$GPGSV,5,1,17,05,08,028,14,10,34,226,25,12,48,151,17,13,08,073,*7C
$GPGSV,5,2,17,15,43,088,25,18,22,328,30,23,70,275,30,24,19,148,*79
$GPGSV,5,3,17,25,78,210,26,28,11,259,17,29,30,014,31,32,06,214,*7B
$GPGSV,5,4,17,36,52,277,35,40,85,352,33,41,58,082,,49,32,274,*7A
$GPGSV,5,5,17,50,10,089,*4A
$GLGSV,3,1,09,67,37,059,26,68,57,136,17,69,23,190,,78,10,161,*63
$GLGSV,3,2,09,79,49,201,15,80,42,288,26,81,00,050,,82,06,008,27*6C
$GLGSV,3,3,09,83,03,322,*57
$GNGLL,0419.76099,S,05539.69342,E,075022.00,A,A*65
$GNRMC,075023.00,A,0419.76098,S,05539.69338,E,0.177,,260525,,,A*76
$GNVTG,,T,,M,0.177,N,0.328,K,A*35
$GNGGA,075023.00,0419.76098,S,05539.69338,E,1,12,0.87,11.3,M,-47.6,M,,*4A
$GNGSA,A,3,25,23,12,15,10,29,18,28,05,,,,1.64,0.87,1.39*16
$GNGSA,A,3,68,79,80,67,82,,,,,,,,1.64,0.87,1.39*18
$GPGSV,5,1,17,05,08,028,15,10,34,226,25,12,48,151,17,13,08,073,*7D
$GPGSV,5,2,17,15,43,088,25,18,22,328,29,23,70,275,31,24,19,148,*70
$GPGSV,5,3,17,25,78,210,27,28,11,259,15,29,30,014,31,32,06,214,*78
$GPGSV,5,4,17,36,52,277,35,40,85,352,33,41,58,082,,49,32,274,*7A
$GPGSV,5,5,17,50,10,089,*4A
$GLGSV,3,1,09,67,37,059,26,68,57,136,17,69,23,190,,78,10,161,*63
$GLGSV,3,2,09,79,49,201,13,80,42,288,27,81,00,050,,82,06,008,27*6B
$GLGSV,3,3,09,83,03,322,*57
$GNGLL,0419.76098,S,05539.69338,E,075023.00,A,A*68
$GNRMC,075025.00,A,0419.76114,S,05539.69338,E,0.384,,260525,,,A*7B
$GNVTG,,T,,M,0.384,N,0.711,K,A*35
$GNGGA,075025.00,0419.76114,S,05539.69338,E,1,12,0.87,10.6,M,-47.6,M,,*4D
$GNGSA,A,3,25,23,12,15,10,29,18,28,05,,,,1.64,0.87,1.39*16
$GNGSA,A,3,68,79,80,67,82,,,,,,,,1.64,0.87,1.39*18
$GPGSV,5,1,17,05,08,028,16,10,34,226,25,12,48,151,17,13,08,073,*7E
$GPGSV,5,2,17,15,43,088,22,18,22,328,28,23,70,275,31,24,19,148,*76
$GPGSV,5,3,17,25,78,210,27,28,11,259,15,29,30,014,30,32,06,214,*79
$GPGSV,5,4,17,36,52,277,35,40,85,352,33,41,58,082,,49,32,274,*7A
$GPGSV,5,5,17,50,10,089,*4A
$GLGSV,3,1,09,67,37,059,26,68,57,136,16,69,23,190,,78,10,161,*62
$GLGSV,3,2,09,79,49,201,13,80,42,288,26,81,00,050,,82,06,008,25*68
$GLGSV,3,3,09,83,03,322,19*5F
$GNGLL,0419.76114,S,05539.69338,E,075025.00,A,A*6B
$GNRMC,075027.00,A,0419.76120,S,05539.69332,E,0.193,,260525,,,A*70
$GNVTG,,T,,M,0.193,N,0.357,K,A*37
$GNGGA,075027.00,0419.76120,S,05539.69332,E,1,12,0.87,10.2,M,-47.6,M,,*46
$GNGSA,A,3,25,23,12,15,10,29,18,28,05,,,,1.64,0.87,1.39*16
$GNGSA,A,3,68,79,80,67,82,,,,,,,,1.64,0.87,1.39*18
$GPGSV,5,1,17,05,08,028,21,10,34,226,25,12,48,151,15,13,08,073,*78
$GPGSV,5,2,17,15,43,088,22,18,22,328,28,23,70,275,32,24,19,148,*75
$GPGSV,5,3,17,25,78,210,27,28,11,259,13,29,30,015,29,32,06,214,*76
$GPGSV,5,4,17,36,52,277,35,40,85,352,33,41,58,082,,49,32,274,*7A
$GPGSV,5,5,17,50,10,089,*4A
$GLGSV,3,1,09,67,37,059,25,68,57,135,18,69,23,190,,78,10,161,*6C
$GLGSV,3,2,09,79,49,201,19,80,42,288,27,81,00,050,,82,06,008,22*64
$GLGSV,3,3,09,83,03,322,15*53
$GNGLL,0419.76120,S,05539.69332,E,075027.00,A,A*64
$GNRMC,075028.00,A,0419.76130,S,05539.69345,E,0.414,,260525,,,A*74
$GNVTG,,T,,M,0.414,N,0.767,K,A*3A
$GNGGA,075028.00,0419.76130,S,05539.69345,E,1,12,0.85,9.7,M,-47.6,M,,*77
$GNGSA,A,3,25,23,12,15,10,29,18,28,05,,,,1.55,0.85,1.29*17
$GNGSA,A,3,68,79,80,67,82,,,,,,,,1.55,0.85,1.29*19
$GPGSV,5,1,17,05,08,028,21,10,34,226,26,12,48,151,15,13,08,073,*7B
$GPGSV,5,2,17,15,43,088,22,18,22,328,29,23,70,275,31,24,19,148,*77
$GPGSV,5,3,17,25,78,210,27,28,11,259,14,29,30,015,30,32,06,214,*79
$GPGSV,5,4,17,36,52,277,35,40,85,352,33,41,58,082,,49,32,274,*7A
$GPGSV,5,5,17,50,10,089,*4A
$GLGSV,3,1,09,67,37,059,25,68,57,135,20,69,23,190,,78,10,161,*67
$GLGSV,3,2,09,79,49,201,20,80,42,288,27,81,00,050,,82,06,008,23*6F
$GLGSV,3,3,09,83,03,322,15*53
$GNGLL,0419.76130,S,05539.69345,E,075028.00,A,A*6A
$GNRMC,075030.00,A,0419.76120,S,05539.69354,E,0.218,,260525,,,A*76
$GNVTG,,T,,M,0.218,N,0.403,K,A*31
$GNGGA,075030.00,0419.76120,S,05539.69354,E,1,12,0.92,9.7,M,-47.6,M,,*79
$GNGSA,A,3,25,23,15,10,29,18,28,05,,,,,1.61,0.92,1.31*1C
$GNGSA,A,3,68,79,80,67,82,,,,,,,,1.61,0.92,1.31*11
$GPGSV,5,1,17,05,08,028,18,10,34,226,26,12,48,151,,13,08,073,*75
$GPGSV,5,2,17,15,43,088,23,18,22,328,28,23,70,275,31,24,19,148,*77
$GPGSV,5,3,17,25,78,210,27,28,11,259,17,29,30,015,29,32,06,214,*72
$GPGSV,5,4,17,36,52,277,36,40,85,352,33,41,58,082,,49,32,274,*79
$GPGSV,5,5,17,50,10,089,*4A
$GLGSV,3,1,09,67,37,059,23,68,57,135,19,69,23,190,,78,10,161,*6B
$GLGSV,3,2,09,79,49,201,17,80,42,288,27,81,00,050,,82,06,008,23*6B
$GLGSV,3,3,09,83,03,322,11*57
$GNGLL,0419.76120,S,05539.69354,E,075030.00,A,A*62
$GNRMC,075031.00,A,0419.76121,S,05539.69361,E,0.221,,260525,,,A*7A
$GNVTG,,T,,M,0.221,N,0.409,K,A*31
$GNGGA,075031.00,0419.76121,S,05539.69361,E,1,12,0.92,9.6,M,-47.6,M,,*7E
$GNGSA,A,3,25,23,15,10,29,18,28,05,,,,,1.61,0.92,1.31*1C
$GNGSA,A,3,68,79,80,67,82,,,,,,,,1.61,0.92,1.31*11
$GPGSV,5,1,17,05,08,028,16,10,34,226,26,12,48,151,,13,08,073,*7B
$GPGSV,5,2,17,15,43,088,22,18,22,328,29,23,70,275,30,24,19,148,*76
$GPGSV,5,3,17,25,78,210,28,28,11,259,17,29,30,015,29,32,06,214,*7D
$GPGSV,5,4,17,36,52,277,36,40,85,352,33,41,58,082,,49,32,274,*79
$GPGSV,5,5,17,50,10,089,*4A
$GLGSV,3,1,09,67,37,059,22,68,57,135,20,69,23,190,,78,10,161,*60
$GLGSV,3,2,09,79,49,201,17,80,42,288,27,81,00,050,,82,06,008,23*6B
$GLGSV,3,3,09,83,03,322,11*57
$GNGLL,0419.76121,S,05539.69361,E,075031.00,A,A*64
$GNRMC,075032.00,A,0419.76112,S,05539.69361,E,0.116,,260525,,,A*7E
$GNVTG,,T,,M,0.116,N,0.214,K,A*3C
$GNGGA,075032.00,0419.76112,S,05539.69361,E,1,12,0.92,9.6,M,-47.6,M,,*7D
$GNGSA,A,3,25,23,15,10,29,18,28,05,,,,,1.61,0.92,1.31*1C
$GNGSA,A,3,68,79,80,67,82,,,,,,,,1.61,0.92,1.31*11
$GPGSV,5,1,17,05,08,028,14,10,34,226,26,12,48,151,,13,08,073,*79
$GPGSV,5,2,17,15,43,088,22,18,22,328,29,23,70,275,30,24,19,148,*76
$GPGSV,5,3,17,25,78,210,28,28,11,259,18,29,30,015,28,32,06,214,*73
$GPGSV,5,4,17,36,52,277,36,40,85,352,33,41,58,082,,49,32,274,*79
$GPGSV,5,5,17,50,10,089,*4A
$GLGSV,3,1,09,67,37,059,21,68,57,135,21,69,23,190,,78,10,161,*62
$GLGSV,3,2,09,79,49,201,18,80,42,288,28,81,00,050,,82,06,008,23*6B
$GLGSV,3,3,09,83,03,322,10*56
$GNGLL,0419.76112,S,05539.69361,E,075032.00,A,A*67
$GNRMC,075033.00,A,0419.76120,S,05539.69364,E,0.237,,260525,,,A*7B
$GNVTG,,T,,M,0.237,N,0.439,K,A*35
$GNGGA,075033.00,0419.76120,S,05539.69364,E,1,12,0.92,9.3,M,-47.6,M,,*7D
$GNGSA,A,3,25,23,15,10,29,18,28,05,,,,,1.61,0.92,1.31*1C
$GNGSA,A,3,68,79,80,67,82,,,,,,,,1.61,0.92,1.31*11
$GPGSV,5,1,17,05,08,028,14,10,34,226,26,12,48,151,,13,08,073,*79
$GPGSV,5,2,17,15,43,088,22,18,22,328,30,23,70,275,31,24,19,148,*7F
$GPGSV,5,3,17,25,78,210,28,28,11,259,18,29,30,015,28,32,06,214,*73
$GPGSV,5,4,17,36,52,277,36,40,85,352,34,41,58,082,,49,32,274,*7E
$GPGSV,5,5,17,50,10,089,*4A
$GLGSV,3,1,09,67,37,059,20,68,57,135,20,69,23,190,,78,10,161,*62
$GLGSV,3,2,09,79,49,201,17,80,42,288,27,81,00,050,,82,06,008,24*6C
$GLGSV,3,3,09,83,03,322,12*54
$GNGLL,0419.76120,S,05539.69364,E,075033.00,A,A*62
$GNRMC,075034.00,A,0419.76122,S,05539.69365,E,0.055,,260525,,,A*79
$GNVTG,,T,,M,0.055,N,0.102,K,A*3E
$GNGGA,075034.00,0419.76122,S,05539.69365,E,1,12,0.92,9.2,M,-47.6,M,,*78
$GNGSA,A,3,25,23,15,10,29,18,28,05,,,,,1.61,0.92,1.31*1C
$GNGSA,A,3,68,79,80,67,82,,,,,,,,1.61,0.92,1.31*11
$GPGSV,5,1,17,05,08,028,13,10,34,226,26,12,48,151,,13,08,073,*7E
$GPGSV,5,2,17,15,43,088,21,18,22,328,29,23,70,275,30,24,19,148,*75
$GPGSV,5,3,17,25,78,210,28,28,11,259,17,29,30,015,27,32,06,214,*73
$GPGSV,5,4,17,36,52,277,36,40,85,352,34,41,58,082,,49,32,274,*7E
$GPGSV,5,5,17,50,10,089,*4A
$GLGSV,3,1,09,67,37,059,20,68,57,135,19,69,23,190,,78,10,161,*68
$GLGSV,3,2,09,79,49,201,19,80,42,288,27,81,00,050,,82,06,008,24*62
$GLGSV,3,3,09,83,03,322,14*52
$GNGLL,0419.76122,S,05539.69365,E,075034.00,A,A*66
$GNRMC,075035.00,A,0419.76116,S,05539.69362,E,0.177,,260525,,,A*79
$GNVTG,,T,,M,0.177,N,0.328,K,A*35
$GNGGA,075035.00,0419.76116,S,05539.69362,E,1,12,0.92,9.2,M,-47.6,M,,*79
$GNGSA,A,3,25,23,15,10,29,18,28,05,,,,,1.61,0.92,1.31*1C
$GNGSA,A,3,68,79,80,67,82,,,,,,,,1.61,0.92,1.31*11
$GPGSV,5,1,17,05,08,028,14,10,34,226,26,12,48,151,,13,08,073,*79
$GPGSV,5,2,17,15,43,088,22,18,22,328,30,23,70,275,30,24,19,148,*7E
$GPGSV,5,3,17,25,78,210,28,28,11,259,16,29,30,015,28,32,06,214,*7D
$GPGSV,5,4,17,36,52,277,36,40,85,352,34,41,58,082,,49,32,274,*7E
$GPGSV,5,5,17,50,10,089,*4A
$GLGSV,3,1,09,67,37,059,20,68,57,135,20,69,23,190,,78,10,161,*62
$GLGSV,3,2,09,79,49,201,19,80,42,288,27,81,00,050,,82,06,008,25*63
$GLGSV,3,3,09,83,03,322,16*50
$GNGLL,0419.76116,S,05539.69362,E,075035.00,A,A*67
$GNRMC,075036.00,A,0419.76125,S,05539.69364,E,0.173,,260525,,,A*78
$GNVTG,,T,,M,0.173,N,0.320,K,A*39
$GNGGA,075036.00,0419.76125,S,05539.69364,E,1,12,0.92,8.9,M,-47.6,M,,*76
$GNGSA,A,3,25,23,15,10,29,18,28,05,,,,,1.61,0.92,1.31*1C
$GNGSA,A,3,68,79,80,67,82,,,,,,,,1.61,0.92,1.31*11
$GPGSV,5,1,17,05,08,028,16,10,34,226,26,12,48,151,,13,08,073,*7B
$GPGSV,5,2,17,15,43,088,22,18,22,328,30,23,70,275,31,24,19,148,*7F
$GPGSV,5,3,17,25,78,210,28,28,11,259,16,29,30,015,29,32,06,214,*7C
$GPGSV,5,4,17,36,52,277,36,40,85,352,33,41,58,082,,49,32,274,*79
$GPGSV,5,5,17,50,10,089,*4A
$GLGSV,3,1,09,67,37,059,21,68,57,135,21,69,23,190,,78,10,161,*62
$GLGSV,3,2,09,79,49,201,19,80,42,288,27,81,00,050,,82,06,008,24*62
$GLGSV,3,3,09,83,03,322,18*5E
$GNGLL,0419.76125,S,05539.69364,E,075036.00,A,A*62
$GNRMC,075037.00,A,0419.76132,S,05539.69369,E,0.124,,260525,,,A*70
$GNVTG,,T,,M,0.124,N,0.230,K,A*3B
$GNGGA,075037.00,0419.76132,S,05539.69369,E,1,12,0.92,8.5,M,-47.6,M,,*70
$GNGSA,A,3,25,23,15,10,29,18,28,05,,,,,1.60,0.92,1.31*1D
$GNGSA,A,3,68,79,80,67,82,,,,,,,,1.60,0.92,1.31*10
$GPGSV,5,1,17,05,08,028,16,10,34,226,26,12,48,151,,13,08,073,*7B
$GPGSV,5,2,17,15,43,088,24,18,22,328,30,23,70,275,30,24,19,148,*78
$GPGSV,5,3,17,25,78,210,28,28,11,259,17,29,30,015,29,32,06,214,*7D
$GPGSV,5,4,17,36,52,277,36,40,85,352,33,41,58,082,,49,32,274,*79
$GPGSV,5,5,17,50,10,089,*4A
$GLGSV,3,1,09,67,37,059,21,68,57,135,21,69,23,190,,78,10,161,*62
$GLGSV,3,2,09,79,49,201,19,80,42,288,28,81,00,050,,82,06,008,24*6D
$GLGSV,3,3,09,83,03,322,16*50
$GNGLL,0419.76132,S,05539.69369,E,075037.00,A,A*68
$GNRMC,075038.00,A,0419.76127,S,05539.69369,E,0.061,,260525,,,A*7B
$GNVTG,,T,,M,0.061,N,0.113,K,A*39
$GNGGA,075038.00,0419.76127,S,05539.69369,E,1,12,0.92,8.4,M,-47.6,M,,*7A
$GNGSA,A,3,25,23,15,10,29,18,28,05,,,,,1.60,0.92,1.31*1D
$GNGSA,A,3,68,79,80,67,82,,,,,,,,1.60,0.92,1.31*10
$GPGSV,5,1,17,05,08,028,16,10,34,226,26,12,48,151,07,13,08,073,*7C
$GPGSV,5,2,17,15,43,088,25,18,22,328,30,23,70,275,30,24,19,148,*79
$GPGSV,5,3,17,25,78,210,28,28,11,259,16,29,30,015,28,32,06,214,*7D
$GPGSV,5,4,17,36,52,277,36,40,85,352,33,41,58,082,,49,32,274,*79
$GPGSV,5,5,17,50,10,089,*4A
$GLGSV,3,1,09,67,37,059,21,68,57,135,21,69,23,190,,78,10,161,*62
$GLGSV,3,2,09,79,49,201,18,80,42,288,28,81,00,050,,82,06,008,25*6D
$GLGSV,3,3,09,83,03,322,17*51
$GNGLL,0419.76127,S,05539.69369,E,075038.00,A,A*63
$GNRMC,075039.00,A,0419.76124,S,05539.69376,E,0.363,,260525,,,A*76
$GNVTG,,T,,M,0.363,N,0.673,K,A*39
$GNGGA,075039.00,0419.76124,S,05539.69376,E,1,12,0.93,8.5,M,-47.6,M,,*76
$GNGSA,A,3,25,23,15,10,29,18,28,05,,,,,1.60,0.93,1.31*1C
$GNGSA,A,3,68,79,80,67,82,,,,,,,,1.60,0.93,1.31*11
$GPGSV,5,1,17,05,08,028,15,10,34,226,26,12,48,151,10,13,08,073,*79
$GPGSV,5,2,17,15,43,088,25,18,22,328,30,23,70,275,30,24,19,148,*79
$GPGSV,5,3,17,25,78,210,28,28,11,259,16,29,30,015,28,32,06,214,*7D
$GPGSV,5,4,17,36,52,277,36,40,85,352,33,41,58,082,,49,32,274,*79
$GPGSV,5,5,17,50,10,089,*4A
$GLGSV,3,1,09,67,37,059,19,68,57,135,21,69,23,190,,78,10,161,*69
$GLGSV,3,2,09,79,49,201,19,80,43,287,28,81,00,050,,82,06,008,25*62
$GLGSV,3,3,09,83,03,322,14*52
$GNGLL,0419.76124,S,05539.69376,E,075039.00,A,A*6F
$GNRMC,075040.00,A,0419.76108,S,05539.69378,E,0.190,,260525,,,A*76
$GNVTG,,T,,M,0.190,N,0.352,K,A*31
$GNGGA,075040.00,0419.76108,S,05539.69378,E,1,12,0.93,8.9,M,-47.6,M,,*74
$GNGSA,A,3,25,23,15,10,29,18,28,05,,,,,1.60,0.93,1.31*1C
$GNGSA,A,3,68,79,80,67,82,,,,,,,,1.60,0.93,1.31*11
$GPGSV,5,1,17,05,08,028,13,10,34,226,26,12,48,151,15,13,08,073,*7A
$GPGSV,5,2,17,15,43,088,25,18,22,328,30,23,70,275,30,24,19,148,*79
$GPGSV,5,3,17,25,78,210,28,28,11,259,15,29,30,015,29,32,06,214,*7F
$GPGSV,5,4,17,36,52,277,36,40,85,352,34,41,58,082,,49,32,274,*7E
$GPGSV,5,5,17,50,10,089,*4A
$GLGSV,3,1,09,67,37,059,20,68,57,135,21,69,23,190,,78,10,161,*63
$GLGSV,3,2,09,79,49,201,18,80,43,287,28,81,00,050,,82,06,008,26*60
$GLGSV,3,3,09,83,03,322,10*56
$GNGLL,0419.76108,S,05539.69378,E,075040.00,A,A*61
$GNRMC,075041.00,A,0419.76098,S,05539.69382,E,0.179,,260525,,,A*7D
$GNVTG,,T,,M,0.179,N,0.332,K,A*30
$GNGGA,075041.00,0419.76098,S,05539.69382,E,1,12,0.85,8.9,M,-47.6,M,,*7F
$GNGSA,A,3,25,23,12,15,10,29,18,28,05,,,,1.55,0.85,1.29*17
$GNGSA,A,3,68,79,80,67,82,,,,,,,,1.55,0.85,1.29*19
$GPGSV,5,1,17,05,08,028,15,10,34,226,27,12,48,151,18,13,08,073,*70
$GPGSV,5,2,17,15,43,088,25,18,22,328,30,23,70,275,31,24,19,148,*78
$GPGSV,5,3,17,25,78,210,27,28,11,259,16,29,30,015,29,32,06,214,*73
$GPGSV,5,4,17,36,52,277,36,40,85,352,33,41,58,082,,49,32,274,*79
$GPGSV,5,5,17,50,10,089,*4A
$GLGSV,3,1,09,67,37,059,21,68,57,135,22,69,23,190,,78,10,161,*61
$GLGSV,3,2,09,79,49,201,17,80,43,287,28,81,00,050,,82,06,008,25*6C
$GLGSV,3,3,09,83,03,322,09*5E
$GNGLL,0419.76098,S,05539.69382,E,075041.00,A,A*6D
$GNRMC,075042.00,A,0419.76077,S,05539.69376,E,0.180,,260525,,,A*72
$GNVTG,,T,,M,0.180,N,0.333,K,A*37
$GNGGA,075042.00,0419.76077,S,05539.69376,E,1,12,0.85,9.3,M,-47.6,M,,*7D
$GNGSA,A,3,25,23,12,15,10,29,18,28,05,,,,1.55,0.85,1.29*17
$GNGSA,A,3,68,79,80,67,82,,,,,,,,1.55,0.85,1.29*19
$GPGSV,5,1,17,05,08,028,17,10,34,226,27,12,48,151,17,13,08,073,*7D
$GPGSV,5,2,17,15,43,088,25,18,22,328,31,23,70,275,30,24,19,148,*78
$GPGSV,5,3,17,25,78,210,27,28,11,259,16,29,30,015,27,32,06,214,*7D
$GPGSV,5,4,17,36,52,277,36,40,85,352,34,41,58,082,,49,32,274,*7E
$GPGSV,5,5,17,50,10,089,*4A
$GLGSV,3,1,09,67,37,059,21,68,57,135,21,69,23,190,,78,10,161,*62
$GLGSV,3,2,09,79,49,201,18,80,43,287,29,81,00,050,,82,06,008,25*62
$GLGSV,3,3,09,83,03,322,08*5F
$GNGLL,0419.76077,S,05539.69376,E,075042.00,A,A*64
$GNRMC,075043.00,A,0419.76060,S,05539.69367,E,0.256,,260525,,,A*7D
$GNVTG,,T,,M,0.256,N,0.474,K,A*3B
$GNGGA,075043.00,0419.76060,S,05539.69367,E,1,12,0.85,9.7,M,-47.6,M,,*7E
$GNGSA,A,3,25,23,12,15,10,29,18,28,05,,,,1.55,0.85,1.29*17
$GNGSA,A,3,68,79,80,67,82,,,,,,,,1.55,0.85,1.29*19
$GPGSV,5,1,17,05,08,028,17,10,34,226,26,12,48,151,15,13,08,073,*7E
$GPGSV,5,2,17,15,43,088,26,18,22,328,31,23,70,275,31,24,19,148,*7A
$GPGSV,5,3,17,25,78,210,27,28,11,259,16,29,30,015,27,32,06,214,*7D
$GPGSV,5,4,17,36,52,277,36,40,85,352,34,41,58,082,,49,32,274,*7E
$GPGSV,5,5,17,50,10,089,*4A
$GLGSV,3,1,09,67,37,059,21,68,57,135,21,69,23,190,,78,10,161,*62
$GLGSV,3,2,09,79,49,201,17,80,43,287,28,81,00,050,,82,06,008,25*6C
$GLGSV,3,3,09,83,03,322,10*56
$GNGLL,0419.76060,S,05539.69367,E,075043.00,A,A*63
$GNRMC,075044.00,A,0419.76051,S,05539.69372,E,0.176,,260525,,,A*7D
$GNVTG,,T,,M,0.176,N,0.326,K,A*3A
$GNGGA,075044.00,0419.76051,S,05539.69372,E,1,12,0.85,9.7,M,-47.6,M,,*7F
$GNGSA,A,3,25,23,12,15,10,29,18,28,05,,,,1.55,0.85,1.29*17
$GNGSA,A,3,68,79,80,67,82,,,,,,,,1.55,0.85,1.29*19
$GPGSV,5,1,17,05,08,028,16,10,34,226,26,12,48,151,14,13,08,073,*7E
$GPGSV,5,2,17,15,43,088,27,18,22,328,31,23,70,275,31,24,19,148,*7B
$GPGSV,5,3,17,25,78,210,27,28,11,259,17,29,30,015,27,32,06,214,*7C
$GPGSV,5,4,17,36,52,277,36,40,85,352,34,41,58,082,,49,32,274,*7E
$GPGSV,5,5,17,50,10,089,*4A
$GLGSV,3,1,09,67,37,059,22,68,57,135,20,69,23,190,,78,10,161,*60
$GLGSV,3,2,09,79,49,201,17,80,43,287,28,81,00,050,,82,06,008,25*6C
$GLGSV,3,3,09,83,03,322,15*53
$GNGLL,0419.76051,S,05539.69372,E,075044.00,A,A*62
$GNRMC,075045.00,A,0419.76040,S,05539.69371,E,0.062,,260525,,,A*7B
$GNVTG,,T,,M,0.062,N,0.115,K,A*3C
$GNGGA,075045.00,0419.76040,S,05539.69371,E,1,12,0.85,9.8,M,-47.6,M,,*72
$GNGSA,A,3,25,23,12,15,10,29,18,28,05,,,,1.55,0.85,1.29*17
$GNGSA,A,3,68,79,80,67,82,,,,,,,,1.55,0.85,1.29*19
$GPGSV,5,1,17,05,08,028,14,10,34,226,25,12,48,151,16,13,08,073,*7D
$GPGSV,5,2,17,15,43,088,26,18,22,328,30,23,70,275,30,24,19,148,*7A
$GPGSV,5,3,17,25,78,210,28,28,11,259,17,29,30,015,27,32,06,214,*73
$GPGSV,5,4,17,36,52,277,36,40,85,352,34,41,58,082,,49,32,274,*7E
$GPGSV,5,5,17,50,10,089,*4A
$GLGSV,3,1,09,67,37,059,24,68,57,135,20,69,23,190,,78,10,161,*66
$GLGSV,3,2,09,79,49,201,18,80,43,287,28,81,00,050,,82,06,008,26*60
$GLGSV,3,3,09,83,03,322,17*51
$GNGLL,0419.76040,S,05539.69371,E,075045.00,A,A*60
$GNRMC,075046.00,A,0419.76032,S,05539.69374,E,0.058,,260525,,,A*71
$GNVTG,,T,,M,0.058,N,0.108,K,A*39
$GNGGA,075046.00,0419.76032,S,05539.69374,E,1,12,0.85,10.0,M,-47.6,M,,*41
$GNGSA,A,3,25,23,12,15,10,29,18,28,05,,,,1.55,0.85,1.29*17
$GNGSA,A,3,68,79,80,67,82,,,,,,,,1.55,0.85,1.29*19
$GPGSV,5,1,17,05,08,028,14,10,34,226,25,12,48,151,16,13,08,073,*7D
$GPGSV,5,2,17,15,43,088,27,18,22,328,31,23,70,275,30,24,19,148,*7A
$GPGSV,5,3,17,25,78,210,28,28,11,259,18,29,30,015,28,32,06,214,*73
$GPGSV,5,4,17,36,52,277,36,40,85,352,34,41,58,082,,49,32,274,*7E
$GPGSV,5,5,17,50,10,089,*4A
$GLGSV,3,1,09,67,37,059,23,68,57,135,19,69,23,190,,78,10,161,*6B
$GLGSV,3,2,09,79,49,201,17,80,43,287,28,81,00,050,,82,06,008,26*6F
$GLGSV,3,3,09,83,03,322,18*5E
$GNGLL,0419.76032,S,05539.69374,E,075046.00,A,A*63
$GNRMC,075047.00,A,0419.76033,S,05539.69381,E,0.085,,260525,,,A*7B
$GNVTG,,T,,M,0.085,N,0.158,K,A*3C
$GNGGA,075047.00,0419.76033,S,05539.69381,E,1,12,0.85,9.9,M,-47.6,M,,*7A
$GNGSA,A,3,25,23,12,15,10,29,18,28,05,,,,1.55,0.85,1.29*17
$GNGSA,A,3,68,79,80,67,82,,,,,,,,1.55,0.85,1.29*19
$GPGSV,5,1,17,05,08,028,16,10,34,226,25,12,48,151,14,13,08,073,*7D
$GPGSV,5,2,17,15,43,088,26,18,22,328,31,23,70,275,30,24,19,148,*7B
$GPGSV,5,3,17,25,78,210,27,28,11,259,18,29,30,015,29,32,06,214,*7D
$GPGSV,5,4,17,36,52,277,35,40,85,352,33,41,58,082,,49,32,274,*7A
$GPGSV,5,5,17,50,10,089,*4A
$GLGSV,3,1,09,67,37,059,23,68,57,135,20,69,23,190,,78,10,161,*61
$GLGSV,3,2,09,79,49,201,20,80,43,287,30,81,00,050,,82,06,008,27*63
$GLGSV,3,3,09,83,03,322,17*51
$GNGLL,0419.76033,S,05539.69381,E,075047.00,A,A*69
$GNRMC,075049.00,A,0419.76037,S,05539.69397,E,0.078,,260525,,,A*74
$GNVTG,,T,,M,0.078,N,0.144,K,A*33
$GNGGA,075049.00,0419.76037,S,05539.69397,E,1,12,0.93,9.5,M,-47.6,M,,*7C
$GNGSA,A,3,25,23,15,10,29,18,28,05,,,,,1.60,0.93,1.31*1C
$GNGSA,A,3,68,79,80,67,82,,,,,,,,1.60,0.93,1.31*11
$GPGSV,5,1,17,05,08,028,16,10,34,226,26,12,48,151,07,13,08,073,*7C
$GPGSV,5,2,17,15,43,088,27,18,22,328,29,23,70,275,30,24,19,148,*73
$GPGSV,5,3,17,25,78,210,27,28,11,259,15,29,30,015,29,32,06,214,*70
$GPGSV,5,4,17,36,52,277,35,40,85,352,32,41,58,082,,49,32,274,*7B
$GPGSV,5,5,17,50,10,089,*4A
$GLGSV,3,1,09,67,37,059,25,68,57,135,18,69,23,190,,78,10,161,*6C
$GLGSV,3,2,09,79,49,201,19,80,43,287,29,81,00,050,,82,06,008,25*63
$GLGSV,3,3,09,83,03,322,12*54
$GNGLL,0419.76037,S,05539.69397,E,075049.00,A,A*64
$GNRMC,075050.00,A,0419.76044,S,05539.69401,E,0.175,,260525,,,A*7C
$GNVTG,,T,,M,0.175,N,0.324,K,A*3B
$GNGGA,075050.00,0419.76044,S,05539.69401,E,1,12,0.93,9.4,M,-47.6,M,,*79
$GNGSA,A,3,25,23,15,10,29,18,28,05,,,,,1.60,0.93,1.31*1C
$GNGSA,A,3,68,79,80,67,82,,,,,,,,1.60,0.93,1.31*11
$GPGSV,5,1,17,05,08,028,17,10,34,226,26,12,48,151,06,13,08,073,*7C
$GPGSV,5,2,17,15,43,088,27,18,22,328,30,23,70,275,30,24,19,148,*7B
$GPGSV,5,3,17,25,78,210,27,28,11,259,16,29,30,015,29,32,06,214,*73
$GPGSV,5,4,17,36,52,277,35,40,85,352,33,41,58,082,,49,32,274,*7A
$GPGSV,5,5,17,50,10,089,*4A
$GLGSV,3,1,09,67,37,059,26,68,57,135,19,69,23,190,,78,10,161,*6E
$GLGSV,3,2,09,79,49,201,20,80,43,287,29,81,00,050,,82,06,008,26*6A
$GLGSV,3,3,09,83,03,322,11*57
$GNGLL,0419.76044,S,05539.69401,E,075050.00,A,A*60
$GNRMC,075052.00,A,0419.76048,S,05539.69402,E,0.055,,260525,,,A*72
$GNVTG,,T,,M,0.055,N,0.102,K,A*3E
$GNGGA,075052.00,0419.76048,S,05539.69402,E,1,12,0.93,9.1,M,-47.6,M,,*71
$GNGSA,A,3,25,23,15,10,29,18,28,05,,,,,1.60,0.93,1.31*1C
$GNGSA,A,3,68,79,80,67,82,,,,,,,,1.60,0.93,1.31*11
$GPGSV,5,1,17,05,08,028,15,10,34,226,26,12,48,151,06,13,08,073,*7E
$GPGSV,5,2,17,15,43,088,27,18,22,328,30,23,70,275,30,24,19,148,*7B
$GPGSV,5,3,17,25,78,210,27,28,11,259,18,29,30,015,29,32,06,214,*7D
$GPGSV,5,4,17,36,52,277,35,40,85,352,33,41,58,082,,49,32,274,*7A
$GPGSV,5,5,17,50,10,089,*4A
$GLGSV,3,1,09,67,36,058,25,68,57,135,19,69,23,190,,78,10,161,*6D
$GLGSV,3,2,09,79,49,201,21,80,43,287,28,81,00,050,,82,06,008,26*6A
$GLGSV,3,3,09,83,03,322,16*50
$GNGLL,0419.76048,S,05539.69402,E,075052.00,A,A*6D
$GNRMC,075053.00,A,0419.76044,S,05539.69406,E,0.044,,260525,,,A*7B
$GNVTG,,T,,M,0.044,N,0.081,K,A*34
$GNGGA,075053.00,0419.76044,S,05539.69406,E,1,12,0.93,9.3,M,-47.6,M,,*7A
$GNGSA,A,3,25,23,15,10,29,18,28,05,,,,,1.60,0.93,1.31*1C
$GNGSA,A,3,68,79,80,67,82,,,,,,,,1.60,0.93,1.31*11
$GPGSV,5,1,17,05,08,028,14,10,34,226,27,12,48,151,06,13,08,073,*7E
$GPGSV,5,2,17,15,43,088,27,18,22,328,29,23,70,275,29,24,19,148,*7B
$GPGSV,5,3,17,25,78,210,27,28,11,259,18,29,30,015,29,32,06,214,*7D
$GPGSV,5,4,17,36,52,277,35,40,85,352,33,41,58,082,,49,32,274,*7A
$GPGSV,5,5,17,50,10,089,*4A
$GLGSV,3,1,09,67,36,058,25,68,57,135,19,69,23,190,,78,10,161,*6D
$GLGSV,3,2,09,79,49,201,18,80,43,287,28,81,00,050,,82,06,008,25*63
$GLGSV,3,3,09,83,03,322,20*55
$GNGLL,0419.76044,S,05539.69406,E,075053.00,A,A*64
$GNRMC,075055.00,A,0419.76041,S,05539.69412,E,0.061,,260525,,,A*7A
$GNVTG,,T,,M,0.061,N,0.113,K,A*39
$GNGGA,075055.00,0419.76041,S,05539.69412,E,1,12,0.93,9.3,M,-47.6,M,,*7C
$GNGSA,A,3,25,23,15,10,29,18,28,05,,,,,1.60,0.93,1.31*1C
$GNGSA,A,3,68,79,80,67,82,,,,,,,,1.60,0.93,1.31*11
$GPGSV,5,1,17,05,08,028,19,10,34,226,27,12,48,151,06,13,08,073,*73
$GPGSV,5,2,17,15,43,088,25,18,22,328,29,23,70,275,29,24,19,148,*79
$GPGSV,5,3,17,25,78,210,27,28,11,259,15,29,30,015,28,32,06,214,*71
$GPGSV,5,4,17,36,52,277,35,40,85,352,34,41,58,082,,49,32,274,*7D
$GPGSV,5,5,17,50,10,089,*4A
$GLGSV,3,1,09,67,36,058,26,68,57,135,21,69,23,190,,78,10,161,*65
$GLGSV,3,2,09,79,49,201,19,80,43,287,28,81,00,050,,82,06,008,24*63
$GLGSV,3,3,09,83,03,322,23*56
$GNGLL,0419.76041,S,05539.69412,E,075055.00,A,A*62
$GNRMC,075056.00,A,0419.76042,S,05539.69416,E,0.123,,260525,,,A*79
$GNVTG,,T,,M,0.123,N,0.228,K,A*35
$GNGGA,075056.00,0419.76042,S,05539.69416,E,1,12,0.93,9.2,M,-47.6,M,,*79
$GNGSA,A,3,25,23,15,10,29,18,28,05,,,,,1.60,0.93,1.31*1C
$GNGSA,A,3,68,79,80,67,82,,,,,,,,1.60,0.93,1.31*11
$GPGSV,5,1,17,05,08,028,20,10,34,226,27,12,48,151,06,13,08,073,*79
$GPGSV,5,2,17,15,43,088,25,18,22,328,28,23,70,275,30,24,19,148,*70
$GPGSV,5,3,17,25,78,210,27,28,11,259,14,29,30,015,27,32,06,214,*7F
$GPGSV,5,4,17,36,52,277,35,40,85,352,33,41,58,082,,49,32,274,*7A
$GPGSV,5,5,17,50,10,089,*4A
$GLGSV,3,1,09,67,36,058,27,68,57,135,21,69,23,190,,78,10,161,*64
$GLGSV,3,2,09,79,49,201,20,80,43,287,28,81,00,050,,82,06,008,23*6E
$GLGSV,3,3,09,83,03,322,24*51
$GNGLL,0419.76042,S,05539.69416,E,075056.00,A,A*66
$GNRMC,075057.00,A,0419.76041,S,05539.69413,E,0.142,,260525,,,A*79
$GNVTG,,T,,M,0.142,N,0.264,K,A*3A
$GNGGA,075057.00,0419.76041,S,05539.69413,E,1,12,0.93,9.2,M,-47.6,M,,*7E
$GNGSA,A,3,25,23,15,10,29,18,28,05,,,,,1.60,0.93,1.31*1C
$GNGSA,A,3,68,79,80,67,82,,,,,,,,1.60,0.93,1.31*11
$GPGSV,5,1,17,05,08,028,19,10,34,226,27,12,48,151,06,13,08,073,*73
$GPGSV,5,2,17,15,43,088,26,18,22,328,28,23,70,275,30,24,19,148,*73
$GPGSV,5,3,17,25,78,210,27,28,11,259,16,29,30,015,27,32,06,214,*7D
$GPGSV,5,4,17,36,52,277,35,40,85,352,33,41,58,082,,49,32,274,*7A
$GPGSV,5,5,17,50,10,089,*4A
$GLGSV,3,1,09,67,36,058,28,68,57,135,21,69,23,190,,78,10,161,*6B
$GLGSV,3,2,09,79,49,201,20,80,43,287,28,81,00,050,,82,06,008,22*6F
$GLGSV,3,3,09,83,03,322,24*51
$GNGLL,0419.76041,S,05539.69413,E,075057.00,A,A*61
$GNGSA,A,3,68,79,80,67,82,,,,,,,,1.60,0.93,1.31*11
$GPGSV,5,1,17,05,08,028,20,10,34,226,26,12,48,151,06,13,08,073,*78
$GPGSV,5,2,17,15,43,088,27,18,22,328,29,23,70,275,30,24,19,148,*73
$GPGSV,5,3,17,25,78,210,27,28,11,259,17,29,30,015,28,32,06,214,*73
$GPGSV,5,4,17,36,52,277,35,40,85,352,33,41,58,082,,49,32,274,*7A
$GPGSV,5,5,17,50,10,089,*4A
$GLGSV,3,1,09,67,36,058,28,68,57,135,22,69,23,190,,78,10,161,*68
$GLGSV,3,2,09,79,49,201,20,80,43,287,27,81,00,050,,82,06,008,20*62
$GLGSV,3,3,09,83,03,322,25*50
$GNGLL,0419.76043,S,05539.69412,E,075058.00,A,A*6D
$GNRMC,075059.00,A,0419.76039,S,05539.69411,E,0.037,,260525,,,A*79
$GNVTG,,T,,M,0.037,N,0.068,K,A*37
$GNGGA,075059.00,0419.76039,S,05539.69411,E,1,12,0.93,9.2,M,-47.6,M,,*7D
$GNGSA,A,3,25,23,15,10,29,18,28,05,,,,,1.60,0.93,1.31*1C
$GNGSA,A,3,68,79,80,67,82,,,,,,,,1.60,0.93,1.31*11
$GPGSV,5,1,17,05,08,028,20,10,34,226,25,12,48,151,06,13,08,073,*7B
$GPGSV,5,2,17,15,43,088,27,18,22,328,28,23,70,275,31,24,19,148,*73
$GPGSV,5,3,17,25,78,210,27,28,11,259,16,29,30,015,29,32,06,214,*73
$GPGSV,5,4,17,36,52,277,35,40,85,352,34,41,58,082,,49,32,274,*7D
$GPGSV,5,5,17,50,10,089,*4A
$GLGSV,3,1,09,67,36,058,26,68,57,135,22,69,23,190,,78,10,161,*66
$GLGSV,3,2,09,79,49,201,20,80,43,287,27,81,00,050,,82,06,008,20*62
$GLGSV,3,3,09,83,03,322,22*57
$GNGLL,0419.76039,S,05539.69411,E,075059.00,A,A*62
$GNRMC,075100.00,A,0419.76042,S,05539.69409,E,0.092,,260525,,,A*7E
$GNVTG,,T,,M,0.092,N,0.170,K,A*30
$GNGGA,075100.00,0419.76042,S,05539.69409,E,1,12,0.93,9.1,M,-47.6,M,,*76
$GNGSA,A,3,25,23,15,10,29,18,28,05,,,,,1.60,0.93,1.31*1C
$GNGSA,A,3,68,79,80,67,82,,,,,,,,1.60,0.93,1.31*11
$GPGSV,5,1,17,05,08,028,21,10,34,226,24,12,48,151,06,13,08,073,*7B
$GPGSV,5,2,17,15,43,088,27,18,22,328,27,23,70,275,30,24,19,148,*7D
$GPGSV,5,3,17,25,78,210,27,28,11,259,18,29,30,015,30,32,06,214,*75
$GPGSV,5,4,17,36,52,277,35,40,85,352,34,41,58,082,,49,32,274,*7D
$GPGSV,5,5,17,50,10,089,*4A
$GLGSV,3,1,09,67,36,058,26,68,57,135,22,69,23,190,,78,10,161,*66
$GLGSV,3,2,09,79,49,201,19,80,43,287,28,81,00,050,,82,06,008,21*66
$GLGSV,3,3,09,83,03,322,20*55
$GNGLL,0419.76042,S,05539.69409,E,075100.00,A,A*6A
$GNRMC,075101.00,A,0419.76034,S,05539.69406,E,0.117,,260525,,,A*7D
$GNVTG,,T,,M,0.117,N,0.217,K,A*3E
$GNGGA,075101.00,0419.76034,S,05539.69406,E,1,12,0.93,9.4,M,-47.6,M,,*7C
$GNGSA,A,3,25,23,15,10,29,18,28,05,,,,,1.60,0.93,1.31*1C
$GNGSA,A,3,68,79,80,67,82,,,,,,,,1.60,0.93,1.31*11
$GPGSV,5,1,17,05,08,028,21,10,34,226,25,12,48,151,06,13,08,073,*7A
$GPGSV,5,2,17,15,43,088,26,18,22,328,27,23,70,275,30,24,19,148,*7C
$GPGSV,5,3,17,25,78,210,27,28,11,259,19,29,30,015,28,32,06,214,*7D
$GPGSV,5,4,17,36,52,277,35,40,85,352,33,41,58,082,,49,32,274,*7A
$GPGSV,5,5,17,50,10,089,*4A
$GLGSV,3,1,09,67,36,058,27,68,57,135,23,69,23,190,,78,10,161,*66
$GLGSV,3,2,09,79,49,201,19,80,43,287,27,81,00,050,,82,06,008,22*6A
$GLGSV,3,3,09,83,03,322,16*50
$GNGLL,0419.76034,S,05539.69406,E,075101.00,A,A*65
$GNRMC,075102.00,A,0419.76028,S,05539.69408,E,0.123,,260525,,,A*7A
$GNVTG,,T,,M,0.123,N,0.227,K,A*3A
$GNGGA,075102.00,0419.76028,S,05539.69408,E,1,12,0.93,9.5,M,-47.6,M,,*7D
$GNGSA,A,3,25,23,15,10,29,18,28,05,,,,,1.60,0.93,1.31*1C
$GNGSA,A,3,68,79,80,67,82,,,,,,,,1.60,0.93,1.31*11
$GPGSV,5,1,17,05,08,028,20,10,34,226,26,12,48,151,06,13,08,073,*78
$GPGSV,5,2,17,15,43,088,27,18,22,328,27,23,70,275,30,24,19,148,*7D
$GPGSV,5,3,17,25,78,210,26,28,11,259,19,29,30,015,27,32,06,214,*73
$GPGSV,5,4,17,36,52,277,36,40,85,352,33,41,58,082,,49,32,274,*79
$GPGSV,5,5,17,50,10,089,*4A
$GLGSV,3,1,09,67,36,058,26,68,57,135,21,69,23,190,,78,10,161,*65
$GLGSV,3,2,09,79,49,201,21,80,43,287,27,81,00,050,,82,06,008,22*61
$GLGSV,3,3,09,83,03,322,16*50
$GNGLL,0419.76028,S,05539.69408,E,075102.00,A,A*65
$GNRMC,075103.00,A,0419.76028,S,05539.69408,E,0.111,,260525,,,A*7A
$GNVTG,,T,,M,0.111,N,0.206,K,A*38
$GNGGA,075103.00,0419.76028,S,05539.69408,E,1,12,0.93,9.2,M,-47.6,M,,*7B
$GNGSA,A,3,25,23,15,10,29,18,28,05,,,,,1.60,0.93,1.31*1C
$GNGSA,A,3,68,79,80,67,82,,,,,,,,1.60,0.93,1.31*11
$GPGSV,5,1,17,05,08,028,20,10,34,226,24,12,48,151,06,13,08,073,*7A
$GPGSV,5,2,17,15,43,088,27,18,22,328,28,23,70,275,30,24,19,148,*72
$GPGSV,5,3,17,25,78,210,26,28,11,259,17,29,30,015,27,32,06,214,*7D
$GPGSV,5,4,17,36,52,277,35,40,85,352,33,41,58,082,,49,32,274,*7A
$GPGSV,5,5,17,50,10,089,*4A
$GLGSV,3,1,09,67,36,058,26,68,57,135,22,69,23,190,,78,09,161,*6E
$GLGSV,3,2,09,79,49,201,22,80,43,287,27,81,00,050,,82,06,008,20*60
$GLGSV,3,3,09,83,03,322,19*5F
$GNGLL,0419.76028,S,05539.69408,E,075103.00,A,A*64
$GNGLL,0419.76031,S,05539.69407,E,075104.00,A,A*64
$GNRMC,075110.00,A,0419.76018,S,05539.69389,E,0.189,,260525,,,A*74
$GNVTG,,T,,M,0.189,N,0.350,K,A*3B
$GNGGA,075110.00,0419.76018,S,05539.69389,E,1,12,0.85,9.4,M,-47.6,M,,*75
$GNGSA,A,3,25,23,12,15,10,29,18,28,05,,,,1.55,0.85,1.29*17
$GNGSA,A,3,68,79,80,67,82,,,,,,,,1.55,0.85,1.29*19
$GPGSV,5,1,17,05,08,028,18,10,34,226,24,12,48,151,17,13,08,073,*71
$GPGSV,5,2,17,15,43,088,25,18,22,328,29,23,70,275,25,24,19,148,*75
$GPGSV,5,3,17,25,78,210,27,28,11,259,18,29,30,015,23,32,06,214,*77
$GPGSV,5,4,17,36,52,277,37,40,85,352,32,41,58,082,,49,32,274,*79
$GPGSV,5,5,17,50,10,089,*4A
$GLGSV,3,1,09,67,36,058,23,68,57,135,19,69,23,190,,78,09,161,*63
$GLGSV,3,2,09,79,48,201,20,80,43,287,27,81,00,051,,82,06,009,21*62
$GLGSV,3,3,09,83,03,322,19*5F
$GNGLL,0419.76018,S,05539.69389,E,075110.00,A,A*6B
$GNRMC,075111.00,A,0419.76018,S,05539.69390,E,0.031,,260525,,,A*7F
$GNVTG,,T,,M,0.031,N,0.057,K,A*3D
$GNGGA,075111.00,0419.76018,S,05539.69390,E,1,12,0.85,9.3,M,-47.6,M,,*7B
$GNGSA,A,3,25,23,12,15,10,29,18,28,05,,,,1.55,0.85,1.29*17
$GNGSA,A,3,68,79,80,67,82,,,,,,,,1.55,0.85,1.29*19
$GPGSV,5,1,17,05,08,028,20,10,34,226,24,12,48,151,16,13,08,073,*7B
$GPGSV,5,2,17,15,43,088,24,18,22,328,28,23,70,275,27,24,19,148,*77
$GPGSV,5,3,17,25,78,210,27,28,11,259,19,29,30,015,22,32,06,214,*77
$GPGSV,5,4,17,36,52,277,37,40,85,352,33,41,58,082,,49,32,274,*78
$GPGSV,5,5,17,50,10,089,*4A
$GLGSV,3,1,09,67,36,058,22,68,57,135,19,69,23,190,,78,09,161,*62
$GLGSV,3,2,09,79,48,201,18,80,43,287,27,81,00,051,,82,06,009,21*69
$GLGSV,3,3,09,83,03,322,19*5F
$GNGLL,0419.76018,S,05539.69390,E,075111.00,A,A*62
$GNRMC,075113.00,A,0419.76003,S,05539.69369,E,0.233,,260525,,,A*71
$GNVTG,,T,,M,0.233,N,0.432,K,A*3A
$GNGGA,075113.00,0419.76003,S,05539.69369,E,1,12,0.85,9.6,M,-47.6,M,,*70
$GNGSA,A,3,25,23,12,15,10,29,18,28,05,,,,1.55,0.85,1.29*17
$GNGSA,A,3,68,79,80,67,82,,,,,,,,1.55,0.85,1.29*19
$GPGSV,5,1,17,05,08,028,20,10,34,226,23,12,48,151,16,13,08,073,*7C
$GPGSV,5,2,17,15,43,088,23,18,22,328,26,23,70,275,28,24,19,148,*71
$GPGSV,5,3,17,25,78,210,26,28,11,259,18,29,30,015,18,32,06,214,*7E
$GPGSV,5,4,17,36,52,277,37,40,85,352,32,41,58,082,,49,32,274,*79
$GPGSV,5,5,17,50,10,089,*4A
$GLGSV,3,1,09,67,36,058,20,68,57,135,20,69,23,190,,78,09,161,*6A
$GLGSV,3,2,09,79,48,201,15,80,43,287,26,81,00,051,,82,06,009,19*6E
$GLGSV,3,3,09,83,03,322,18*5E
$GNGLL,0419.76003,S,05539.69369,E,075113.00,A,A*6C
$GNRMC,075115.00,A,0419.75988,S,05539.69357,E,0.277,,260525,,,A*73
$GNVTG,,T,,M,0.277,N,0.512,K,A*39
$GNGGA,075115.00,0419.75988,S,05539.69357,E,1,12,0.85,9.7,M,-47.6,M,,*73
$GNGSA,A,3,25,23,12,15,10,29,18,28,05,,,,1.55,0.85,1.29*17
$GNGSA,A,3,68,79,80,67,82,,,,,,,,1.55,0.85,1.29*19
$GPGSV,5,1,17,05,08,028,22,10,34,226,24,12,48,151,18,13,08,073,*77
$GPGSV,5,2,17,15,43,088,23,18,22,328,26,23,70,275,28,24,19,148,*71
$GPGSV,5,3,17,25,78,210,28,28,11,259,16,29,30,015,21,32,06,214,*74
$GPGSV,5,4,17,36,52,277,36,40,85,352,33,41,58,082,,49,32,274,*79
$GPGSV,5,5,17,50,10,089,*4A
$GLGSV,3,1,09,67,36,058,22,68,57,135,19,69,23,190,,78,09,161,*62
$GLGSV,3,2,09,79,48,201,11,80,43,287,27,81,00,051,,82,06,009,15*67
$GLGSV,3,3,09,83,03,322,17*51
$GNGLL,0419.75988,S,05539.69357,E,075115.00,A,A*6E
$GNRMC,075116.00,A,0419.75974,S,05539.69349,E,0.188,,260525,,,A*7F
$GNVTG,,T,,M,0.188,N,0.347,K,A*3C
$GNGGA,075116.00,0419.75974,S,05539.69349,E,1,12,0.88,9.9,M,-47.6,M,,*7F
$GNGSA,A,3,25,23,12,15,10,29,18,28,05,,,,1.56,0.88,1.29*19
$GNGSA,A,3,68,80,67,82,,,,,,,,,1.56,0.88,1.29*19
$GNRMC,075117.00,A,0419.75972,S,05539.69345,E,0.053,,260525,,,A*73
$GNVTG,,T,,M,0.053,N,0.098,K,A*3A
$GNGGA,075117.00,0419.75972,S,05539.69345,E,1,12,0.88,9.9,M,-47.6,M,,*74
$GNGSA,A,3,25,23,12,15,10,29,18,28,05,,,,1.56,0.88,1.29*19
$GNGSA,A,3,68,80,67,82,,,,,,,,,1.56,0.88,1.29*19
$GPGSV,5,1,17,05,08,028,24,10,34,226,22,12,48,151,20,13,08,073,*7C
$GPGSV,5,2,17,15,43,088,25,18,22,328,26,23,70,275,29,24,19,148,*76
$GNRMC,075120.00,A,0419.75944,S,05539.69292,E,0.251,,260525,,,A*79
$GNVTG,,T,,M,0.251,N,0.466,K,A*3F
$GNGGA,075120.00,0419.75944,S,05539.69292,E,1,12,0.85,10.8,M,-47.6,M,,*4A
$GNGSA,A,3,25,23,12,15,10,29,18,28,05,,,,1.55,0.85,1.29*17
$GNGSA,A,3,68,79,80,67,82,,,,,,,,1.55,0.85,1.29*19
$GPGSV,5,1,17,05,08,028,25,10,34,226,19,12,48,151,15,13,08,073,*73
$GPGSV,5,2,17,15,43,088,24,18,22,328,27,23,70,275,30,24,19,148,*7E
$GPGSV,5,3,17,25,78,210,29,28,11,259,18,29,30,015,21,32,06,214,*7B
$GPGSV,5,4,17,36,52,277,36,40,85,352,32,41,58,082,,49,32,274,*78
$GPGSV,5,5,17,50,10,089,*4A
$GLGSV,3,1,09,67,36,058,19,68,57,135,16,69,23,190,,78,09,161,*65
$GLGSV,3,2,09,79,48,201,13,80,43,287,25,81,00,051,,82,06,009,12*60
$GLGSV,3,3,09,83,03,322,19*5F
$GNGLL,0419.75944,S,05539.69292,E,075120.00,A,A*60
$GNRMC,075121.00,A,0419.75913,S,05539.69297,E,1.277,,260525,,,A*7A
$GNVTG,,T,,M,1.277,N,2.365,K,A*3C
$GNGGA,075121.00,0419.75913,S,05539.69297,E,1,12,0.85,11.1,M,-47.6,M,,*44
$GNGSA,A,3,25,23,12,15,10,29,18,28,05,,,,1.55,0.85,1.29*17
$GNGSA,A,3,68,79,80,67,82,,,,,,,,1.55,0.85,1.29*19
$GPGSV,5,1,17,05,08,028,23,10,34,226,18,12,48,151,11,13,08,073,*70
$GPGSV,5,2,17,15,43,088,23,18,22,328,24,23,70,275,30,24,19,148,*7A
$GPGSV,5,3,17,25,78,210,29,28,11,259,18,29,30,015,20,32,06,214,*7A
$GPGSV,5,4,17,36,52,277,36,40,85,352,33,41,58,082,,49,32,274,*79
$GPGSV,5,5,17,50,10,089,*4A
$GLGSV,3,1,09,67,36,058,21,68,57,135,15,69,23,190,,78,09,161,*6D
$GLGSV,3,2,09,79,48,201,17,80,43,287,27,81,00,051,,82,06,009,12*66
$GLGSV,3,3,09,83,03,322,18*5E
$GNGLL,0419.75913,S,05539.69297,E,075121.00,A,A*66
$GNRMC,075122.00,A,0419.75911,S,05539.69296,E,0.275,,260525,,,A*79
$GNVTG,,T,,M,0.275,N,0.510,K,A*39
$GNGGA,075122.00,0419.75911,S,05539.69296,E,1,12,0.93,11.0,M,-47.6,M,,*42
$GNGSA,A,3,25,23,15,10,29,18,28,05,,,,,1.60,0.93,1.31*1C
$GNGSA,A,3,68,79,80,67,82,,,,,,,,1.60,0.93,1.31*11
$GPGSV,5,1,17,05,08,028,22,10,34,226,17,12,48,151,09,13,08,073,*77
$GPGSV,5,2,17,15,43,088,24,18,22,328,24,23,70,275,30,24,19,148,*7D
$GPGSV,5,3,17,25,78,210,30,28,11,259,18,29,30,015,21,32,06,214,*73
$GPGSV,5,4,17,36,52,277,36,40,85,352,33,41,58,082,,49,32,274,*79
$GPGSV,5,5,17,50,10,089,*4A
$GLGSV,3,1,09,67,36,058,22,68,57,135,15,69,23,190,,78,09,161,*6E
$GLGSV,3,2,09,79,48,201,19,80,43,287,27,81,00,051,,82,06,009,10*6A
$GLGSV,3,3,09,83,03,322,17*51
$GNGLL,0419.75911,S,05539.69296,E,075122.00,A,A*66
$GNRMC,075127.00,A,0419.75921,S,05539.69254,E,0.349,,260525,,,D*7A
$GNVTG,,T,,M,0.349,N,0.647,K,D*33
$GNGGA,075127.00,0419.75921,S,05539.69254,E,2,12,0.86,11.2,M,-47.6,M,,0000*4F
$GNGSA,A,3,25,23,12,15,10,29,18,28,05,,,,1.61,0.86,1.36*1D
$GNGSA,A,3,68,79,80,67,82,,,,,,,,1.61,0.86,1.36*13
$GPGSV,5,1,17,05,08,028,22,10,35,226,23,12,47,151,13,13,08,072,*74
$GPGSV,5,2,17,15,43,088,26,18,22,328,27,23,70,275,31,24,19,148,*7D
$GPGSV,5,3,17,25,78,210,31,28,11,259,18,29,30,015,19,32,06,214,*79
$GPGSV,5,4,17,36,52,277,36,40,85,352,33,41,58,082,,49,32,274,*79
$GPGSV,5,5,17,50,10,089,*4A
$GLGSV,3,1,09,67,36,058,17,68,57,135,16,69,23,190,,78,09,161,*6B
$GLGSV,3,2,09,79,48,201,15,80,43,287,27,81,00,051,,82,06,009,09*6E
$GLGSV,3,3,09,83,03,322,17*51
$GNGLL,0419.75921,S,05539.69254,E,075127.00,A,D*6B
$GNRMC,075128.00,A,0419.75928,S,05539.69251,E,0.112,,260525,,,D*75
$GNVTG,,T,,M,0.112,N,0.207,K,D*3F
$GNGGA,075128.00,0419.75928,S,05539.69251,E,2,12,0.86,10.9,M,-47.6,M,,0000*46
$GNGSA,A,3,25,23,12,15,10,29,18,28,05,,,,1.61,0.86,1.36*1D
$GNGSA,A,3,68,79,80,67,82,,,,,,,,1.61,0.86,1.36*13
$GPGSV,5,1,17,05,08,028,23,10,35,226,22,12,47,151,12,13,08,072,*75
$GPGSV,5,2,17,15,43,087,25,18,22,328,27,23,70,275,31,24,19,148,*71
$GPGSV,5,3,17,25,78,210,30,28,11,259,17,29,30,015,21,32,06,214,*7C
$GPGSV,5,4,17,36,52,277,35,40,85,352,33,41,58,082,,49,32,274,*7A
$GPGSV,5,5,17,50,10,089,*4A
$GLGSV,3,1,09,67,36,058,18,68,57,135,17,69,23,190,,78,09,161,*65
$GLGSV,3,2,09,79,48,201,15,80,43,287,27,81,00,051,,82,06,009,09*6E
$GLGSV,3,3,09,83,03,322,17*51
$GNGLL,0419.75928,S,05539.69251,E,075128.00,A,D*68
$GNRMC,075129.00,A,0419.75918,S,05539.69242,E,0.296,,260525,,,D*7A
$GNVTG,,T,,M,0.296,N,0.548,K,D*3C
$GNGGA,075129.00,0419.75918,S,05539.69242,E,2,12,0.86,11.3,M,-47.6,M,,0000*4D
$GNGSA,A,3,25,23,12,15,10,29,18,28,05,,,,1.61,0.86,1.36*1D
$GNGSA,A,3,68,79,80,67,82,,,,,,,,1.61,0.86,1.36*13
$GPGSV,5,1,17,05,08,028,23,10,35,226,23,12,47,151,12,13,08,072,*74
$GPGSV,5,2,17,15,43,087,25,18,22,328,27,23,70,275,31,24,19,148,*71
$GPGSV,5,3,17,25,78,210,30,28,11,259,17,29,30,015,21,32,06,214,*7C
$GPGSV,5,4,17,36,52,277,35,40,85,352,33,41,58,082,,49,32,274,*7A
$GPGSV,5,5,17,50,10,089,*4A
$GLGSV,3,1,09,67,36,058,17,68,57,135,16,69,23,190,,78,09,161,*6B
$GLGSV,3,2,09,79,48,201,17,80,43,287,26,81,00,051,,82,06,009,13*66
$GLGSV,3,3,09,83,03,322,17*51
$GNGLL,0419.75918,S,05539.69242,E,075129.00,A,D*68
$GNRMC,075130.00,A,0419.75939,S,05539.69224,E,0.858,,260525,,,D*79
$GNVTG,,T,,M,0.858,N,1.589,K,D*38
$GNGGA,075130.00,0419.75939,S,05539.69224,E,2,12,0.86,10.8,M,-47.6,M,,0000*4C
$GNGSA,A,3,25,23,12,15,10,29,18,28,05,,,,1.61,0.86,1.36*1D
$GNGSA,A,3,68,79,80,67,82,,,,,,,,1.61,0.86,1.36*13
$GPGSV,5,1,17,05,08,028,23,10,35,226,23,12,47,151,15,13,08,072,*73
$GPGSV,5,2,17,15,43,087,25,18,22,328,28,23,70,275,32,24,19,148,*7D
$GPGSV,5,3,17,25,78,210,30,28,11,259,18,29,30,015,21,32,06,214,*73
$GPGSV,5,4,17,36,52,277,36,40,85,352,34,41,58,082,,49,32,274,*7E
$GPGSV,5,5,17,50,10,089,*4A
$GLGSV,3,1,09,67,36,058,15,68,57,135,16,69,23,190,,78,09,161,*69
$GLGSV,3,2,09,79,48,201,16,80,43,287,25,81,00,051,,82,06,009,13*64
$GLGSV,3,3,09,83,03,322,16*50
$GNGLL,0419.75939,S,05539.69224,E,075130.00,A,D*63
$GNRMC,075131.00,A,0419.75924,S,05539.69210,E,0.453,,260525,,,D*74
$GNVTG,,T,,M,0.453,N,0.839,K,D*38
$GNGGA,075131.00,0419.75924,S,05539.69210,E,2,12,0.86,11.2,M,-47.6,M,,0000*4D
$GNGSA,A,3,25,23,12,15,10,29,18,28,05,,,,1.61,0.86,1.36*1D
$GNGSA,A,3,68,79,80,67,82,,,,,,,,1.61,0.86,1.36*13
$GPGSV,5,1,17,05,08,028,23,10,35,226,23,12,47,151,16,13,08,072,*70
$GPGSV,5,2,17,15,43,087,24,18,22,329,28,23,70,275,32,24,19,148,*7D
$GPGSV,5,3,17,25,78,210,30,28,11,259,19,29,30,015,22,32,06,214,*71
$GPGSV,5,4,17,36,52,277,36,40,85,352,34,41,58,082,,49,32,274,*7E
$GPGSV,5,5,17,50,10,089,*4A
$GLGSV,3,1,09,67,36,058,15,68,57,135,14,69,23,190,,78,09,161,*6B
$GNRMC,075132.00,A,0419.75901,S,05539.69193,E,0.481,,260525,,,D*77
$GNVTG,,T,,M,0.481,N,0.890,K,D*34
$GNGGA,075132.00,0419.75901,S,05539.69193,E,2,12,0.86,12.0,M,-47.6,M,,0000*40
$GNGSA,A,3,25,23,12,15,10,29,18,28,05,,,,1.61,0.86,1.36*1D
$GNGSA,A,3,68,79,80,67,82,,,,,,,,1.61,0.86,1.36*13
$GPGSV,5,1,17,05,08,028,22,10,35,226,24,12,47,151,14,13,08,072,*74
$GPGSV,5,2,17,15,43,087,23,18,22,329,28,23,70,275,30,24,19,148,*78
$GPGSV,5,3,17,25,78,210,30,28,11,259,20,29,30,015,20,32,06,214,*79
$GPGSV,5,4,17,36,52,277,36,40,85,352,33,41,58,082,,49,32,274,*79
$GPGSV,5,5,17,50,10,089,*4A
$GLGSV,3,1,09,67,36,058,16,68,57,135,12,69,23,190,,78,09,161,*6E
$GLGSV,3,2,09,79,48,201,13,80,43,287,25,81,00,051,,82,06,009,13*61
$GLGSV,3,3,09,83,03,322,17*51
$GNGLL,0419.75901,S,05539.69193,E,075132.00,A,D*65
$GNRMC,075133.00,A,0419.75887,S,05539.69200,E,0.175,,260525,,,D*7E
$GNVTG,,T,,M,0.175,N,0.325,K,D*3F
$GNGGA,075133.00,0419.75887,S,05539.69200,E,2,12,0.86,12.5,M,-47.6,M,,0000*42
$GNGSA,A,3,25,23,12,15,10,29,18,28,05,,,,1.61,0.86,1.36*1D
$GNGSA,A,3,68,79,80,67,,,,,,,,,1.61,0.86,1.36*19
$GPGSV,5,1,17,05,08,028,21,10,35,226,24,12,47,151,12,13,08,072,*71
$GPGSV,5,2,17,15,43,087,23,18,22,329,29,23,70,275,30,24,19,148,*79
$GPGSV,5,3,17,25,78,210,29,28,11,259,21,29,30,015,19,32,06,214,*7A
$GPGSV,5,4,17,36,52,277,36,40,85,352,33,41,58,082,,49,32,274,*79
$GPGSV,5,5,17,50,10,089,*4A
$GLGSV,3,1,09,67,36,058,18,68,57,135,11,69,23,190,,78,09,161,*63
$GLGSV,3,2,09,79,48,201,13,80,43,287,25,81,00,051,,82,06,009,08*6B
$GLGSV,3,3,09,83,03,322,15*53
$GNGLL,0419.75887,S,05539.69200,E,075133.00,A,D*62
$GPGSV,5,4,17,36,52,277,36,40,85,352,34,41,58,082,,49,32,274,*7E
$GPGSV,5,5,17,50,10,089,*4A
$GLGSV,3,1,09,67,36,058,19,68,57,135,13,69,23,190,,78,09,161,*60
$GLGSV,3,2,09,79,48,201,13,80,43,287,26,81,00,051,,82,06,009,08*68
$GLGSV,3,3,09,83,03,322,13*55
$GNGLL,0419.75908,S,05539.69194,E,075134.00,A,D*6D
$GNRMC,075135.00,A,0419.75893,S,05539.69189,E,0.112,,260525,,,D*7E
$GNVTG,,T,,M,0.112,N,0.207,K,D*3F
$GNGGA,075135.00,0419.75893,S,05539.69189,E,2,12,0.86,12.7,M,-47.6,M,,0000*41
$GNGSA,A,3,25,23,12,15,10,29,18,28,05,,,,1.61,0.86,1.36*1D
$GNGSA,A,3,68,79,80,67,,,,,,,,,1.61,0.86,1.36*19
$GPGSV,5,1,17,05,08,028,20,10,35,226,22,12,47,151,12,13,08,072,*76
$GPGSV,5,2,17,15,43,087,24,18,22,329,29,23,70,277,30,24,19,148,*7C
$GPGSV,5,3,17,25,78,210,30,28,11,259,21,29,30,015,21,32,06,214,*79
$GPGSV,5,4,17,36,52,277,36,40,85,352,34,41,58,082,,49,32,274,*7E
$GPGSV,5,5,17,50,10,089,*4A
$GLGSV,3,1,09,67,36,058,18,68,57,135,17,69,23,190,,78,09,161,*65
$GLGSV,3,2,09,79,48,201,11,80,43,287,26,81,00,051,,82,06,009,15*66
$GLGSV,3,3,09,83,03,322,11*57
$GNGLL,0419.75893,S,05539.69189,E,075135.00,A,D*63
$GPGSV,5,1,17,05,08,028,19,10,35,226,21,12,47,151,14,13,08,072,*79
$GPGSV,5,2,17,15,43,087,27,18,22,329,28,23,70,277,30,24,19,147,*71
$GPGSV,5,3,17,25,78,208,29,28,11,259,23,29,30,015,22,32,06,214,*79
$GPGSV,5,4,17,36,52,277,36,40,85,352,34,41,58,082,,49,32,274,*7E
$GPGSV,5,5,17,50,10,089,*4A
$GLGSV,3,1,09,67,36,058,21,68,57,135,18,69,23,190,,78,09,161,*60
$GLGSV,3,2,09,79,48,201,09,80,43,287,26,81,00,051,,82,06,009,15*6F
$GLGSV,3,3,09,83,03,322,08*5F
$GNGLL,0419.75899,S,05539.69173,E,075137.00,A,D*6E
$GNRMC,075144.00,A,0419.75843,S,05539.69188,E,0.127,,260525,,,D*72
$GNVTG,,T,,M,0.127,N,0.235,K,D*38
$GNGGA,075144.00,0419.75843,S,05539.69188,E,2,12,0.86,14.9,M,-47.6,M,,0000*43
$GNGSA,A,3,25,23,12,15,10,29,18,28,05,,,,1.61,0.86,1.36*1D
$GNGSA,A,3,68,79,80,67,,,,,,,,,1.61,0.86,1.36*19
$GPGSV,5,1,17,05,08,028,19,10,35,226,17,12,47,151,18,13,08,072,*70
$GPGSV,5,2,17,15,43,087,25,18,22,329,28,23,70,277,30,24,19,147,*73
$GPGSV,5,3,17,25,78,208,29,28,12,258,22,29,31,015,25,32,06,213,*7B
$GPGSV,5,4,17,36,52,277,36,40,85,352,34,41,58,082,,49,32,274,*7E
$GPGSV,5,5,17,50,10,089,*4A
$GLGSV,3,1,09,67,36,058,22,68,57,135,18,69,23,190,,78,09,161,*63
$GLGSV,3,2,09,79,48,201,11,80,43,287,25,81,00,051,,82,06,009,14*64
$GLGSV,3,3,09,83,03,322,12*54
$GNGLL,0419.75843,S,05539.69188,E,075144.00,A,D*69
$GNRMC,075145.00,A,0419.75814,S,05539.69213,E,1.063,,260525,,,D*70
$GNVTG,,T,,M,1.063,N,1.969,K,D*3B
$GNGGA,075145.00,0419.75814,S,05539.69213,E,2,12,0.86,15.8,M,-47.6,M,,0000*41
$GNGSA,A,3,25,23,12,15,10,29,18,28,05,,,,1.61,0.86,1.36*1D
$GNGSA,A,3,68,79,80,67,,,,,,,,,1.61,0.86,1.36*19
$GPGSV,5,1,17,05,08,028,19,10,35,226,14,12,47,151,18,13,08,072,*73
$GPGSV,5,2,17,15,43,087,24,18,22,329,30,23,70,277,28,24,19,147,*72
$GPGSV,5,3,17,25,78,208,29,28,12,258,23,29,31,015,25,32,06,213,*7A
$GPGSV,5,4,17,36,52,277,36,40,85,352,33,41,58,082,,49,32,274,*79
$GPGSV,5,5,17,50,10,089,*4A
$GLGSV,3,1,09,67,36,058,23,68,57,135,18,69,23,190,,78,09,161,*62
$GLGSV,3,2,09,79,48,201,15,80,43,287,25,81,00,051,,82,06,009,11*65
$GLGSV,3,3,09,83,03,322,06*51
$GNGLL,0419.75814,S,05539.69213,E,075145.00,A,D*6B
$GNRMC,075147.00,A,0419.75811,S,05539.69234,E,0.132,,260525,,,D*76
$GNVTG,,T,,M,0.132,N,0.244,K,D*3A
$GNGGA,075147.00,0419.75811,S,05539.69234,E,2,12,0.85,15.9,M,-47.6,M,,0000*41
$GNGSA,A,3,25,23,12,15,10,29,18,28,05,,,,1.54,0.85,1.29*16
$GNGSA,A,3,68,79,80,67,82,,,,,,,,1.54,0.85,1.29*18
$GPGSV,5,1,17,05,08,028,18,10,35,226,16,12,47,151,17,13,08,072,*7F
$GPGSV,5,2,17,15,43,087,21,18,22,329,28,23,70,277,29,24,19,147,*7F
$GPGSV,5,3,17,25,78,208,29,28,12,258,23,29,31,015,24,32,06,213,*7B
$GPGSV,5,4,17,36,52,277,36,40,85,352,32,41,58,082,,49,32,274,*78
$GPGSV,5,5,17,50,10,089,*4A
$GLGSV,3,1,09,67,36,058,25,68,57,135,19,69,23,190,,78,09,161,*65
$GLGSV,3,2,09,79,48,201,15,80,43,287,26,81,00,051,,82,06,009,14*63
$GLGSV,3,3,09,83,03,322,10*56
$GNGLL,0419.75811,S,05539.69234,E,075147.00,A,D*69
$GNRMC,075148.00,A,0419.75811,S,05539.69234,E,0.094,,260525,,,D*74
$GNVTG,,T,,M,0.094,N,0.174,K,D*37
$GNGGA,075148.00,0419.75811,S,05539.69234,E,2,12,0.86,16.0,M,-47.6,M,,0000*47
$GNGSA,A,3,25,23,12,15,10,29,18,28,05,,,,1.61,0.86,1.36*1D
$GNGSA,A,3,68,79,80,67,82,,,,,,,,1.61,0.86,1.36*13
$GPGSV,5,1,17,05,08,028,16,10,35,226,15,12,47,151,16,13,08,072,*73
$GPGSV,5,2,17,15,43,087,20,18,22,329,28,23,70,277,28,24,19,147,*7F
$GPGSV,5,3,17,25,78,208,29,28,12,258,25,29,31,015,23,32,06,213,*7A
$GPGSV,5,4,17,36,52,277,36,40,85,352,32,41,58,082,,49,32,274,*78
$GPGSV,5,5,17,50,10,089,*4A
$GLGSV,3,1,09,67,36,058,25,68,57,135,20,69,23,190,,78,09,161,*6F
$GLGSV,3,2,09,79,48,201,15,80,43,287,25,81,00,051,,82,06,009,13*67
$GLGSV,3,3,09,83,03,322,10*56
$GNRMC,075154.00,A,0419.75818,S,05539.69242,E,0.255,,260525,,,D*7E
$GNVTG,,T,,M,0.255,N,0.473,K,D*3A
$GNGGA,075154.00,0419.75818,S,05539.69242,E,2,12,0.86,15.9,M,-47.6,M,,0000*48
$GNGSA,A,3,25,23,12,15,10,29,18,28,05,,,,1.61,0.86,1.36*1D
$GNGSA,A,3,68,79,80,67,82,,,,,,,,1.61,0.86,1.36*13
$GPGSV,5,1,17,05,08,028,18,10,35,226,18,12,47,151,19,13,08,072,05*7A
$GPGSV,5,2,17,15,43,087,23,18,22,329,26,23,70,277,30,24,19,147,*7B
$GPGSV,5,3,17,25,78,208,29,28,12,258,25,29,31,015,17,32,06,213,*7D
$GPGSV,5,4,17,36,52,277,35,40,85,352,33,41,58,082,,49,32,274,*7A
$GPGSV,5,5,17,50,10,089,*4A
$GLGSV,3,1,09,67,36,058,28,68,57,135,22,69,23,190,,78,09,161,*60
$GLGSV,3,2,09,79,48,201,10,80,43,287,26,81,00,051,,82,06,009,17*65
$GLGSV,3,3,09,83,03,322,*57
$GNGLL,0419.75818,S,05539.69242,E,075154.00,A,D*63
$GNRMC,075157.00,A,0419.75809,S,05539.69255,E,0.788,,260525,,,D*7E
$GNVTG,,T,,M,0.788,N,1.458,K,D*37
$GNGGA,075157.00,0419.75809,S,05539.69255,E,2,12,0.86,17.1,M,-47.6,M,,0000*47
$GNGSA,A,3,25,23,12,15,10,29,18,28,05,,,,1.61,0.86,1.36*1D
$GNGSA,A,3,68,79,80,67,82,,,,,,,,1.61,0.86,1.36*13
$GPGSV,5,1,17,05,08,028,20,10,35,226,19,12,47,151,17,13,08,072,*7B
$GPGSV,5,2,17,15,43,087,24,18,22,329,20,23,70,277,32,24,19,147,*78
$GPGSV,5,3,17,25,78,208,27,28,12,258,23,29,31,015,20,32,06,213,*71
$GPGSV,5,4,17,36,52,277,35,40,85,352,33,41,58,082,,49,32,274,*7A
$GPGSV,5,5,17,50,10,089,*4A
$GLGSV,3,1,09,67,36,058,26,68,57,135,22,69,23,190,,78,09,161,*6E
$GLGSV,3,2,09,79,48,201,12,80,43,287,24,81,00,051,,82,06,009,14*66
$GLGSV,3,3,09,83,03,322,*57
$GNGLL,0419.75809,S,05539.69255,E,075157.00,A,D*66
$GNRMC,075158.00,A,0419.75815,S,05539.69266,E,0.244,,260525,,,D*79
$GNVTG,,T,,M,0.244,N,0.451,K,D*3A
$GNGGA,075158.00,0419.75815,S,05539.69266,E,2,12,0.86,17.2,M,-47.6,M,,0000*46
$GNGSA,A,3,25,23,12,15,10,29,18,28,05,,,,1.61,0.86,1.36*1D
$GNGSA,A,3,68,79,80,67,82,,,,,,,,1.61,0.86,1.36*13
$GPGSV,5,1,17,05,08,028,18,10,35,226,19,12,47,151,16,13,08,072,*71
$GPGSV,5,2,17,15,43,087,24,18,22,329,22,23,70,277,31,24,19,147,*79
$GPGSV,5,3,17,25,78,208,26,28,12,258,23,29,31,015,20,32,06,213,*70
$GPGSV,5,4,17,36,52,277,35,40,85,352,32,41,58,082,,49,32,274,*7B
$GPGSV,5,5,17,50,10,089,*4A
$GLGSV,3,1,09,67,36,058,25,68,57,135,21,69,23,190,,78,09,161,*6E
$GLGSV,3,2,09,79,48,201,12,80,43,287,24,81,00,051,,82,06,009,15*67
$GLGSV,3,3,09,83,03,322,*57
$GNGLL,0419.75815,S,05539.69266,E,075158.00,A,D*64
$GNRMC,075159.00,A,0419.75756,S,05539.69275,E,1.404,,260525,,,D*71
$GNVTG,,T,,M,1.404,N,2.599,K,D*3E
$GNGGA,075159.00,0419.75756,S,05539.69275,E,2,12,0.86,18.1,M,-47.6,M,,0000*41
$GNGSA,A,3,25,23,12,15,10,29,18,28,05,,,,1.61,0.86,1.36*1D
$GNGSA,A,3,68,79,80,67,82,,,,,,,,1.61,0.86,1.36*13
$GPGSV,5,1,17,05,08,028,19,10,35,226,20,12,47,151,13,13,08,072,*7F
$GPGSV,5,2,17,15,43,087,22,18,22,329,25,23,70,277,31,24,19,147,*78
$GPGSV,5,3,17,25,78,208,25,28,12,258,22,29,31,015,20,32,06,213,*72
$GPGSV,5,4,17,36,52,277,34,40,85,352,31,41,58,082,,49,32,274,*79
$GPGSV,5,5,17,50,10,089,*4A
$GLGSV,3,1,09,67,36,058,26,68,57,135,20,69,23,190,,78,09,161,*6C
$GLGSV,3,2,09,79,48,201,12,80,43,287,23,81,00,051,,82,06,009,14*61
$GLGSV,3,3,09,83,03,322,*57
$GNGLL,0419.75756,S,05539.69275,E,075159.00,A,D*6F
$GLGSV,3,3,09,83,03,322,*57
$GNGLL,0419.75763,S,05539.69289,E,075200.00,A,D*65
$GNRMC,075201.00,A,0419.75748,S,05539.69303,E,0.376,,260525,,,D*73
$GNVTG,,T,,M,0.376,N,0.696,K,D*33
$GNGGA,075201.00,0419.75748,S,05539.69303,E,2,12,0.89,18.0,M,-47.6,M,,0000*4E
$GNGSA,A,3,25,23,12,15,10,29,18,28,05,,,,1.62,0.89,1.36*11
$GNGSA,A,3,68,80,67,82,,,,,,,,,1.62,0.89,1.36*11
$GPGSV,5,1,17,05,08,028,19,10,35,226,22,12,47,151,12,13,08,072,06*7A
$GPGSV,5,2,17,15,43,087,24,18,22,329,25,23,70,277,32,24,19,147,21*7E
$GPGSV,5,3,17,25,78,208,28,28,12,258,24,29,31,015,25,32,06,213,*7C
$GPGSV,5,4,17,36,52,277,34,40,85,352,33,41,58,082,,49,32,274,*7B
$GPGSV,5,5,17,50,10,089,*4A
$GLGSV,3,1,09,67,36,058,25,68,57,135,20,69,23,190,,78,09,161,*6F
$GLGSV,3,2,09,79,48,201,09,80,43,287,22,81,00,051,,82,06,009,16*68
$GLGSV,3,3,09,83,03,322,*57
$GNGLL,0419.75748,S,05539.69303,E,075201.00,A,D*6E
$GNRMC,075203.00,A,0419.75668,S,05539.69386,E,0.755,,260525,,,D*7A
$GNVTG,,T,,M,0.755,N,1.398,K,D*3C
$GNRMC,075205.00,A,0419.75643,S,05539.69391,E,0.332,,260525,,,D*76
$GNVTG,,T,,M,0.332,N,0.616,K,D*3B
$GNGGA,075205.00,0419.75643,S,05539.69391,E,2,12,0.99,19.7,M,-47.6,M,,0000*4C
$GNGSA,A,3,25,23,15,10,29,18,28,05,,,,,1.70,0.99,1.38*1E
$GNGSA,A,3,68,80,67,82,,,,,,,,,1.70,0.99,1.38*1D
$GPGSV,5,1,17,05,08,028,20,10,35,226,23,12,47,151,08,13,08,072,08*74
$GPGSV,5,2,17,15,43,087,20,18,22,329,22,23,70,277,31,24,19,147,09*74
$GPGSV,5,3,17,25,78,208,26,28,12,258,17,29,31,015,19,32,06,213,*7D
$GPGSV,5,4,17,36,52,277,32,40,85,352,32,41,58,082,,49,32,274,*7C
$GPGSV,5,5,17,50,10,089,*4A
$GLGSV,3,1,09,67,36,058,23,68,57,135,21,69,23,190,,78,09,161,*68
$GLGSV,3,2,09,79,48,201,,80,43,287,20,81,00,051,,82,06,009,20*66
$GLGSV,3,3,09,83,03,322,*57
$GNGLL,0419.75643,S,05539.69391,E,075205.00,A,D*6B
$GNRMC,075206.00,A,0419.75638,S,05539.69380,E,0.640,,260525,,,D*79
$GNVTG,,T,,M,0.640,N,1.184,K,D*36
$GNGGA,075206.00,0419.75638,S,05539.69380,E,2,12,0.99,19.3,M,-47.6,M,,0000*47
$GNGSA,A,3,25,23,15,10,29,18,28,05,,,,,1.70,0.99,1.38*1E
$GNGSA,A,3,68,80,67,82,,,,,,,,,1.70,0.99,1.38*1D
$GPGSV,5,1,17,05,08,028,20,10,35,226,22,12,47,151,07,13,08,072,08*7A
$GPGSV,5,2,17,15,43,087,20,18,22,329,22,23,70,277,32,24,19,147,09*77
$GPGSV,5,3,17,25,78,208,27,28,12,258,18,29,31,015,18,32,06,213,*72
$GPGSV,5,4,17,36,52,277,34,40,85,352,32,41,58,082,,49,32,274,*7A
$GPGSV,5,5,17,50,10,089,*4A
$GLGSV,3,1,09,67,36,058,21,68,57,135,21,69,23,190,,78,09,161,*6A
$GLGSV,3,2,09,79,48,201,,80,43,287,19,81,00,051,,82,06,009,20*6C
$GLGSV,3,3,09,83,03,322,*57
$GNGLL,0419.75638,S,05539.69380,E,075206.00,A,D*64
$GNRMC,075207.00,A,0419.75632,S,05539.69393,E,0.410,,260525,,,D*77
$GNVTG,,T,,M,0.410,N,0.760,K,D*3C
$GNGGA,075207.00,0419.75632,S,05539.69393,E,2,12,0.99,19.0,M,-47.6,M,,0000*4D
$GNGSA,A,3,25,23,15,10,29,18,28,05,,,,,1.70,0.99,1.38*1E
$GNGSA,A,3,68,80,67,82,,,,,,,,,1.70,0.99,1.38*1D
$GPGSV,5,1,17,05,08,028,21,10,35,226,21,12,47,151,07,13,08,072,08*78
$GPGSV,5,2,17,15,43,087,19,18,22,329,21,23,70,277,31,24,19,147,08*7C
$GPGSV,5,3,17,25,78,208,26,28,12,258,21,29,31,015,20,32,06,213,*72
$GPGSV,5,4,17,36,52,277,35,40,85,352,32,41,58,082,,49,32,274,*7B
$GPGSV,5,5,17,50,10,089,*4A
$GLGSV,3,1,09,67,36,058,22,68,57,135,22,69,23,190,,78,09,161,*6A
$GLGSV,3,2,09,79,48,201,,80,43,287,21,81,00,051,,82,06,009,19*6D
$GLGSV,3,3,09,83,03,322,19*5F
$GNGLL,0419.75632,S,05539.69393,E,075207.00,A,D*6D
$GNRMC,075208.00,A,0419.75637,S,05539.69404,E,0.403,,260525,,,D*76
$GNVTG,,T,,M,0.403,N,0.746,K,D*3A
$GNGGA,075208.00,0419.75637,S,05539.69404,E,2,12,0.89,18.9,M,-47.6,M,,0000*47
$GNGSA,A,3,25,23,12,15,10,29,18,28,05,,,,1.62,0.89,1.36*11
$GNGSA,A,3,68,80,67,82,,,,,,,,,1.62,0.89,1.36*11
$GPGSV,5,1,17,05,08,028,22,10,35,226,21,12,47,151,11,13,08,072,18*7D
$GPGSV,5,2,17,15,43,087,19,18,22,329,21,23,70,277,31,24,19,147,09*7D
$GPGSV,5,3,17,25,78,208,27,28,12,258,22,29,31,015,20,32,06,213,*70
$GPGSV,5,4,17,36,52,277,34,40,85,352,32,41,58,082,,49,32,274,*7A
$GPGSV,5,5,17,50,10,089,*4A
$GLGSV,3,1,09,67,36,058,21,68,58,134,24,69,23,190,,78,09,161,*61
$GLGSV,3,2,09,79,48,201,,80,43,287,23,81,00,051,,82,06,009,18*6E
$GLGSV,3,3,09,83,03,322,19*5F
$GNGLL,0419.75637,S,05539.69404,E,075208.00,A,D*6E
$GNRMC,075210.00,A,0419.75653,S,05539.69431,E,0.291,,260525,,,D*76
$GNVTG,,T,,M,0.291,N,0.540,K,D*33
$GNGGA,075210.00,0419.75653,S,05539.69431,E,2,12,0.99,17.9,M,-47.6,M,,0000*44
$GNGSA,A,3,25,23,15,10,29,18,28,05,,,,,1.70,0.99,1.38*1E
$GNGSA,A,3,68,80,67,82,,,,,,,,,1.70,0.99,1.38*1D
$GPGSV,5,1,17,05,08,028,21,10,35,226,21,12,47,151,11,13,08,072,12*74
$GPGSV,5,2,17,15,43,087,18,18,22,329,22,23,70,277,31,24,19,147,08*7E
$GPGSV,5,3,17,25,78,208,27,28,12,258,21,29,31,015,25,32,06,213,*76
$GPGSV,5,4,17,36,52,277,35,40,85,352,32,41,58,082,,49,32,274,*7B
$GPGSV,5,5,17,50,10,089,*4A
$GLGSV,3,1,09,67,36,058,23,68,58,134,21,69,24,190,20,78,09,161,*63
$GLGSV,3,2,09,79,48,201,21,80,43,287,26,81,00,051,,82,06,009,15*65
$GLGSV,3,3,09,83,03,322,19*5F
$GNGLL,0419.75653,S,05539.69431,E,075210.00,A,D*63
$GNRMC,075212.00,A,0419.75625,S,05539.69402,E,0.602,,260525,,,D*7B
$GNVTG,,T,,M,0.602,N,1.115,K,D*38
$GNGGA,075212.00,0419.75625,S,05539.69402,E,2,12,0.89,17.7,M,-47.6,M,,0000*48
$GNGSA,A,3,25,23,12,15,10,29,18,28,05,,,,1.62,0.89,1.36*11
$GNGSA,A,3,68,80,67,82,,,,,,,,,1.62,0.89,1.36*11
$GPGSV,5,1,17,05,08,028,19,10,35,226,22,12,47,151,11,13,08,072,08*77
$GPGSV,5,2,17,15,43,087,17,18,22,329,25,23,70,277,30,24,19,147,08*77
$GPGSV,5,3,17,25,78,208,27,28,12,258,22,29,31,015,25,32,06,213,*75
$GPGSV,5,4,17,36,52,277,35,40,85,352,32,41,58,082,,49,32,274,*7B
$GPGSV,5,5,17,50,10,089,*4A
$GLGSV,3,1,09,67,36,058,23,68,58,134,21,69,24,190,17,78,09,161,*67
$GLGSV,3,2,09,79,48,201,19,80,43,287,26,81,00,051,,82,06,009,13*68
$GLGSV,3,3,09,83,03,322,18*5E
$GNGLL,0419.75625,S,05539.69402,E,075212.00,A,D*60
$GNRMC,075215.00,A,0419.75631,S,05539.69391,E,0.092,,260525,,,D*7B
$GNRMC,075216.00,A,0419.75627,S,05539.69388,E,0.276,,260525,,,D*7F
$GNVTG,,T,,M,0.276,N,0.510,K,D*3F
$GNGGA,075216.00,0419.75627,S,05539.69388,E,2,12,0.79,16.8,M,-47.6,M,,0000*4A
$GNGSA,A,3,25,23,12,15,10,29,18,28,05,13,,,1.40,0.79,1.15*1D
$GNGSA,A,3,68,79,80,67,82,,,,,,,,1.40,0.79,1.15*11
$GPGSV,5,1,17,05,08,028,24,10,35,226,24,12,47,151,15,13,08,072,11*73
$GPGSV,5,2,17,15,43,087,25,18,22,329,25,23,70,277,32,24,19,147,*7C
$GPGSV,5,3,17,25,78,208,27,28,12,258,24,29,31,015,25,32,06,213,*73
$GPGSV,5,4,17,36,52,277,36,40,85,352,34,41,58,082,,49,32,274,*7E
$GPGSV,5,5,17,50,10,089,*4A
$GLGSV,3,1,10,67,36,058,23,68,58,134,20,69,24,190,15,73,00,319,*63
$GLGSV,3,2,10,78,09,161,,79,48,201,18,80,43,287,26,81,00,051,*66
$GLGSV,3,3,10,82,06,009,11,83,03,322,20*68
$GNGLL,0419.75627,S,05539.69388,E,075216.00,A,D*63
$GNRMC,075217.00,A,0419.75607,S,05539.69386,E,0.341,,260525,,,D*77
$GNRMC,075219.00,A,0419.75640,S,05539.69377,E,0.394,,260525,,,D*7C
$GNVTG,,T,,M,0.394,N,0.730,K,D*32
$GNGGA,075219.00,0419.75640,S,05539.69377,E,2,12,0.86,16.3,M,-47.6,M,,0000*4F
$GNGSA,A,3,25,23,12,15,10,29,18,28,05,,,,1.60,0.86,1.35*1F
$GNGSA,A,3,68,79,80,67,82,,,,,,,,1.60,0.86,1.35*11
$GPGSV,5,1,17,05,08,028,25,10,35,226,19,12,47,151,15,13,08,072,*7C
$GPGSV,5,2,17,15,43,087,22,18,22,329,26,23,70,277,31,24,19,147,*7B
$GPGSV,5,3,17,25,78,208,25,28,12,258,25,29,31,015,25,32,06,213,*70
$GPGSV,5,4,17,36,52,277,36,40,85,352,33,41,58,082,,49,32,274,*79
$GPGSV,5,5,17,50,10,089,*4A
$GLGSV,3,1,10,67,36,058,22,68,58,134,22,69,24,190,18,73,00,319,*6D
$GLGSV,3,2,10,78,09,161,,79,48,200,14,80,43,287,26,81,00,051,*6B
$GNRMC,075220.00,A,0419.75653,S,05539.69392,E,0.818,,260525,,,D*70
$GNVTG,,T,,M,0.818,N,1.515,K,D*39
$GNGGA,075220.00,0419.75653,S,05539.69392,E,2,12,0.86,15.1,M,-47.6,M,,0000*4D
$GNGSA,A,3,25,23,12,15,10,29,18,28,05,,,,1.60,0.86,1.35*1F
$GNGSA,A,3,68,79,80,67,82,,,,,,,,1.60,0.86,1.35*11
$GPGSV,5,1,17,05,08,028,24,10,35,226,19,12,47,151,16,13,08,072,*7E
$GPGSV,5,2,17,15,43,087,20,18,22,329,26,23,70,277,25,24,19,147,*7C
$GPGSV,5,3,17,25,78,208,26,28,12,258,24,29,31,015,25,32,06,213,*72
$GPGSV,5,4,17,36,52,277,33,40,85,352,32,41,58,082,,49,32,274,*7D
$GPGSV,5,5,17,50,10,089,*4A
$GLGSV,3,1,10,67,36,058,21,68,58,134,21,69,24,190,16,73,00,319,*63
$GLGSV,3,2,10,78,09,161,,79,48,200,13,80,43,286,25,81,00,051,*6E
$GLGSV,3,3,10,82,06,009,15,83,03,322,22*6E
$GNGLL,0419.75653,S,05539.69392,E,075220.00,A,D*6E
$GNRMC,075222.00,A,0419.75638,S,05539.69381,E,0.844,,260525,,,D*74
$GNVTG,,T,,M,0.844,N,1.563,K,D*31
$GNGGA,075222.00,0419.75638,S,05539.69381,E,2,12,0.99,14.8,M,-47.6,M,,0000*46
$GNGSA,A,3,25,23,15,10,29,18,28,05,,,,,1.70,0.99,1.38*1E
$GNGSA,A,3,68,80,67,82,,,,,,,,,1.70,0.99,1.38*1D
$GPGSV,5,1,17,05,08,028,23,10,35,226,21,12,47,151,,13,08,072,*75
$GPGSV,5,2,17,15,43,087,15,18,22,329,26,23,70,277,29,24,19,147,*76
$GPGSV,5,3,17,25,78,208,24,28,12,258,20,29,31,015,25,32,06,213,*74
$GPGSV,5,4,17,36,52,277,33,40,85,352,31,41,58,082,,49,32,274,*7E
$GPGSV,5,5,17,50,10,089,*4A
$GLGSV,3,1,10,67,36,058,23,68,58,134,20,69,24,190,15,73,00,319,*63
$GLGSV,3,2,10,78,09,161,,79,48,200,09,80,43,286,24,81,00,052,*67
$GLGSV,3,3,10,82,06,009,12,83,03,322,23*68
$GNGLL,0419.75638,S,05539.69381,E,075222.00,A,D*63
