$GNVTG,,T,,M,0.074,N,0.137,K,D*3E
$GNGSA,A,3,25,23,12,15,10,29,18,24,26,41,,,1.62,0.95,1.31*13
$GNGSA,A,3,68,79,67,82,69,73,,,,,,,1.62,0.95,1.31*16
$GPGSV,5,1,17,10,48,256,33,12,25,154,08,15,32,058,23,18,17,351,10*7B
$GNRMC,084505.00,A,0419.83538,S,05539.63743,E,0.385,,260525,,,D*74
$GNVTG,,T,,M,0.385,N,0.713,K,D*33
$GNGGA,084505.00,0419.83538,S,05539.63743,E,2,12,0.82,-0.1,M,-47.6,M,,0000*5B
$GNGSA,A,3,25,23,12,15,10,29,18,24,26,41,,,1.62,0.82,1.39*1D
$GNGSA,A,3,68,79,80,67,82,69,73,,,,,,1.62,0.82,1.39*10
$GPGSV,5,1,17,10,48,256,30,12,25,154,12,15,32,058,21,18,17,351,13*72
$GPGSV,5,2,17,23,55,331,23,24,15,126,09,25,54,179,28,26,15,305,13*70
$GPGSV,5,3,17,28,14,235,12,29,46,040,24,31,02,257,,32,24,202,*7D
$GPGSV,5,4,17,36,52,277,,40,85,352,,41,58,082,29,49,32,274,*77
$GPGSV,5,5,17,50,10,089,*4A
$GLGSV,3,1,09,67,18,034,12,68,64,064,27,69,52,183,26,73,13,297,14*60
$GLGSV,3,2,09,79,25,180,10,80,41,244,11,81,04,077,,82,10,033,10*64
$GLGSV,3,3,09,83,04,346,18*5B
$GNGLL,0419.83538,S,05539.63743,E,084505.00,A,D*65
$GNRMC,084506.00,A,0419.83548,S,05539.63740,E,0.136,,260525,,,D*79
$GNVTG,,T,,M,0.136,N,0.252,K,D*39
$GNGGA,084506.00,0419.83548,S,05539.63740,E,2,12,0.90,0.6,M,-47.6,M,,0000*75
$GNGSA,A,3,25,23,15,10,29,18,26,41,,,,,1.61,0.90,1.33*12
$GNGSA,A,3,68,79,80,67,82,69,73,,,,,,1.61,0.90,1.33*1A
$GPGSV,5,1,17,10,48,256,35,12,25,154,,15,32,058,20,18,17,351,07*70
$GPGSV,5,2,17,23,55,331,22,24,15,126,,25,54,179,33,26,15,305,13*72
$GPGSV,5,3,17,28,14,235,09,29,46,040,25,31,02,257,,32,24,202,*76
$GPGSV,5,4,17,36,52,277,,40,85,352,,41,58,082,34,49,32,274,*7B
$GPGSV,5,5,17,50,10,089,*4A
$GLGSV,3,1,09,67,18,034,10,68,64,064,27,69,52,183,27,73,13,297,14*63
$GLGSV,3,2,09,79,25,180,12,80,41,244,11,81,04,077,,82,10,033,09*6E
$GLGSV,3,3,09,83,04,346,17*54
$GNGLL,0419.83548,S,05539.63740,E,084506.00,A,D*62
$GNRMC,084507.00,A,0419.83556,S,05539.63746,E,0.079,,260525,,,D*7B
$GNVTG,,T,,M,0.079,N,0.147,K,D*34
$GNGGA,084507.00,0419.83556,S,05539.63746,E,2,12,0.90,0.7,M,-47.6,M,,0000*7C
$GNGSA,A,3,25,23,15,10,29,18,26,41,,,,,1.61,0.90,1.33*12
$GNGSA,A,3,68,79,80,67,82,69,73,,,,,,1.61,0.90,1.33*1A
$GPGSV,5,1,17,10,48,256,35,12,25,154,20,15,32,058,21,18,17,351,14*71
$GPGSV,5,2,17,23,55,331,22,24,15,126,,25,54,179,34,26,15,305,16*70
$GPGSV,5,3,17,28,14,235,10,29,46,040,27,31,02,257,,32,24,202,16*7B
$GPGSV,5,4,17,36,52,277,,40,85,352,,41,58,082,34,49,32,274,*7B
$GPGSV,5,5,17,50,10,089,*4A
$GLGSV,3,1,09,67,18,034,09,68,64,064,28,69,52,183,32,73,13,297,17*63
$GLGSV,3,2,09,79,25,180,13,80,41,244,14,81,04,077,,82,10,033,14*66
$GLGSV,3,3,09,83,04,346,19*5A
$GNGLL,0419.83556,S,05539.63746,E,084507.00,A,D*6A
$GNRMC,084508.00,A,0419.83565,S,05539.63751,E,0.095,,260525,,,D*70
$GNVTG,,T,,M,0.095,N,0.176,K,D*34
$GNGGA,084508.00,0419.83565,S,05539.63751,E,2,12,0.85,1.1,M,-47.6,M,,0000*76
$GNGSA,A,3,25,23,15,10,29,18,28,26,41,,,,1.43,0.85,1.15*18
$GNGSA,A,3,68,79,80,67,82,69,73,,,,,,1.43,0.85,1.15*1A
$GPGSV,5,1,17,10,48,257,36,12,25,154,20,15,32,058,22,18,17,351,09*7C
$GPGSV,5,2,17,23,55,331,23,24,15,126,15,25,54,179,34,26,15,305,18*7B
$GPGSV,5,3,17,28,14,235,12,29,46,040,27,31,02,257,,32,24,202,16*79
$GPGSV,5,4,17,36,52,277,,40,85,352,,41,58,082,34,49,32,274,*7B
$GPGSV,5,5,17,50,10,089,*4A
$GLGSV,3,1,09,67,18,034,07,68,64,064,30,69,52,183,31,73,13,297,19*69
$GLGSV,3,2,09,79,25,180,09,80,41,244,17,81,04,077,,82,10,033,15*6F
$GLGSV,3,3,09,83,04,346,20*50
$GNGLL,0419.83565,S,05539.63751,E,084508.00,A,D*63
$GNRMC,084509.00,A,0419.83567,S,05539.63751,E,0.263,,260525,,,D*78
$GNVTG,,T,,M,0.263,N,0.488,K,D*3B
$GNGGA,084509.00,0419.83567,S,05539.63751,E,2,12,0.85,1.8,M,-47.6,M,,0000*7C
$GNGSA,A,3,25,23,15,10,29,18,28,26,41,,,,1.43,0.85,1.15*18
$GNGSA,A,3,68,79,80,67,82,69,73,,,,,,1.43,0.85,1.15*1A
$GPGSV,5,1,17,10,48,257,37,12,25,154,19,15,32,058,24,18,17,351,11*78
$GPGSV,5,2,17,23,55,331,23,24,15,126,15,25,54,179,34,26,15,305,20*70
$GPGSV,5,3,17,28,14,235,13,29,46,040,28,31,02,257,,32,24,202,15*74
$GPGSV,5,4,17,36,52,277,,40,85,352,,41,58,082,33,49,32,274,*7C
$GPGSV,5,5,17,50,10,089,*4A
$GLGSV,3,1,09,67,18,034,14,68,64,064,30,69,52,183,32,73,13,297,19*68
$GLGSV,3,2,09,79,25,180,12,80,41,244,19,81,04,077,,82,10,033,14*6A
$GLGSV,3,3,09,83,04,346,20*50
$GNGLL,0419.83567,S,05539.63751,E,084509.00,A,D*60
$GNRMC,084510.00,A,0419.83576,S,05539.63749,E,0.081,,260525,,,D*77
$GNVTG,,T,,M,0.081,N,0.150,K,D*35
$GNGGA,084510.00,0419.83576,S,05539.63749,E,2,12,0.81,2.7,M,-47.6,M,,0000*75
$GNGSA,A,3,25,23,12,15,10,29,18,28,26,41,,,1.39,0.81,1.13*14
$GNGSA,A,3,68,79,80,67,82,69,73,,,,,,1.39,0.81,1.13*15
$GPGSV,5,1,17,10,48,257,35,12,24,154,19,15,32,058,26,18,17,351,09*70
$GPGSV,5,2,17,23,55,331,22,24,15,126,15,25,54,179,33,26,15,305,21*77
$GPGSV,5,3,17,28,14,235,15,29,46,040,28,31,02,257,,32,24,202,14*73
$GPGSV,5,4,17,36,52,277,,40,85,352,,41,58,082,34,49,32,274,*7B
$GPGSV,5,5,17,50,10,089,*4A
$GLGSV,3,1,09,67,18,034,12,68,64,064,29,69,52,183,31,73,13,297,18*64
$GLGSV,3,2,09,79,25,180,14,80,41,244,20,81,04,077,,82,10,033,11*63
$GLGSV,3,3,09,83,04,346,20*50
$GNGLL,0419.83576,S,05539.63749,E,084510.00,A,D*61
$GNRMC,084512.00,A,0419.83583,S,05539.63738,E,0.213,,260525,,,D*70
$GNVTG,,T,,M,0.213,N,0.394,K,D*36
$GNGGA,084512.00,0419.83583,S,05539.63738,E,2,12,0.84,5.0,M,-47.6,M,,0000*7E
$GNGSA,A,3,25,23,12,15,10,29,18,24,26,41,,,1.53,0.84,1.28*19
$GNGSA,A,3,68,79,80,67,82,69,73,,,,,,1.53,0.84,1.28*14
$GPGSV,5,1,17,10,48,257,37,12,24,154,14,15,32,058,27,18,17,351,10*76
$GPGSV,5,2,17,23,55,331,22,24,15,126,15,25,54,179,29,26,15,305,17*79
$GPGSV,5,3,17,28,14,235,,29,46,040,26,31,02,257,,32,24,202,09*75
$GPGSV,5,4,17,36,52,277,,40,85,352,,41,58,082,31,49,32,274,*7E
$GPGSV,5,5,17,50,10,089,*4A
$GLGSV,3,1,09,67,18,034,08,68,64,064,27,69,52,183,26,73,13,297,16*69
$GLGSV,3,2,09,79,25,180,10,80,41,244,17,81,04,077,,82,10,033,09*6A
$GLGSV,3,3,09,83,04,346,18*5B
$GNGLL,0419.83583,S,05539.63738,E,084512.00,A,D*6F
$GNRMC,084513.00,A,0419.83572,S,05539.63724,E,0.435,,260525,,,D*70
$GNVTG,,T,,M,0.435,N,0.806,K,D*34
$GNGGA,084513.00,0419.83572,S,05539.63724,E,2,12,0.84,6.4,M,-47.6,M,,0000*7B
$GNGSA,A,3,25,23,12,15,10,29,18,24,26,41,,,1.53,0.84,1.28*19
$GNGSA,A,3,68,79,80,67,82,69,73,,,,,,1.53,0.84,1.28*14
$GPGSV,5,1,17,10,48,257,31,12,24,154,11,15,32,057,27,18,17,351,10*7A
$GPGSV,5,2,17,23,55,331,21,24,15,126,16,25,54,179,30,26,15,305,14*72
$GPGSV,5,3,17,28,14,235,,29,46,040,25,31,02,257,,32,24,202,10*7E
$GPGSV,5,4,17,36,52,277,,40,85,352,,41,58,082,30,49,32,274,*7F
$GPGSV,5,5,17,50,10,089,*4A
$GLGSV,3,1,09,67,18,034,10,68,64,064,26,69,52,183,28,73,13,297,17*6E
$GLGSV,3,2,09,79,25,180,12,80,41,244,16,81,04,077,,82,10,033,12*63
$GLGSV,3,3,09,83,04,346,18*5B
$GNGLL,0419.83572,S,05539.63724,E,084513.00,A,D*6D
$GNRMC,084514.00,A,0419.83564,S,05539.63716,E,0.135,,260525,,,D*74
$GNVTG,,T,,M,0.135,N,0.250,K,D*38
$GNGGA,084514.00,0419.83564,S,05539.63716,E,2,12,1.02,7.9,M,-47.6,M,,0000*79
$GNGSA,A,3,25,23,12,15,10,29,18,24,26,41,,,2.22,1.02,1.97*17
$GNGSA,A,3,68,79,80,67,82,69,73,,,,,,2.22,1.02,1.97*1A
$GPGSV,5,1,17,10,48,257,33,12,24,154,11,15,32,057,26,18,17,351,13*7A
$GPGSV,5,2,17,23,55,331,20,24,15,126,15,25,54,179,30,26,15,305,10*74
$GPGSV,5,3,17,28,14,235,,29,46,040,25,31,02,257,,32,24,202,10*7E
$GPGSV,5,4,17,36,52,277,,40,85,352,,41,58,082,30,49,32,274,*7F
$GPGSV,5,5,17,50,10,089,*4A
$GLGSV,3,1,09,67,18,034,09,68,64,064,27,69,52,183,28,73,13,297,18*68
$GLGSV,3,2,09,79,25,180,11,80,41,244,16,81,04,077,,82,10,033,10*62
$GLGSV,3,3,09,83,04,346,18*5B
$GNGLL,0419.83564,S,05539.63716,E,084514.00,A,D*6C
$GNRMC,084516.00,A,0419.83566,S,05539.63721,E,0.039,,260525,,,D*7D
$GNVTG,,T,,M,0.039,N,0.072,K,D*37
$GNGGA,084516.00,0419.83566,S,05539.63721,E,2,12,0.84,8.3,M,-47.6,M,,0000*77
$GNGSA,A,3,25,23,12,15,10,29,18,24,32,26,,,1.58,0.84,1.33*1C
$GNGSA,A,3,68,79,80,67,82,69,73,,,,,,1.58,0.84,1.33*15
$GPGSV,5,1,17,10,48,257,35,12,24,154,11,15,32,057,25,18,17,351,10*7C
$GPGSV,5,2,17,23,55,331,20,24,15,126,13,25,54,179,30,26,15,305,14*76
$GPGSV,5,3,17,28,14,235,,29,46,040,26,31,02,257,,32,24,202,10*7D
$GPGSV,5,4,17,36,52,277,,40,85,352,,41,58,082,,49,32,274,*7C
$GPGSV,5,5,17,50,10,089,*4A
$GLGSV,3,1,09,67,18,034,08,68,64,064,26,69,52,183,27,73,13,297,15*6A
$GLGSV,3,2,09,79,25,180,13,80,41,244,14,81,04,077,,82,10,033,09*6A
$GLGSV,3,3,09,83,04,346,18*5B
$GNGLL,0419.83566,S,05539.63721,E,084516.00,A,D*68
$GNRMC,084517.00,A,0419.83570,S,05539.63720,E,0.084,,260525,,,D*7C
$GNVTG,,T,,M,0.084,N,0.156,K,D*36
$GNGGA,084517.00,0419.83570,S,05539.63720,E,2,12,0.84,8.8,M,-47.6,M,,0000*7B
$GNGSA,A,3,25,23,15,10,29,18,24,32,26,41,,,1.48,0.84,1.22*1B
$GNGSA,A,3,68,79,80,67,82,69,73,,,,,,1.48,0.84,1.22*14
$GPGSV,5,1,17,10,48,257,34,12,24,154,09,15,32,057,27,18,17,351,13*75
$GPGSV,5,2,17,23,55,331,20,24,15,126,15,25,54,179,30,26,15,305,17*73
$GPGSV,5,3,17,28,14,235,,29,46,040,26,31,02,257,,32,24,202,12*7F
$GPGSV,5,4,17,36,52,277,,40,85,352,,41,58,082,31,49,32,274,*7E
$GPGSV,5,5,17,50,10,089,*4A
$GLGSV,3,1,09,67,18,034,09,68,64,064,25,69,52,183,27,73,13,297,14*69
$GLGSV,3,2,09,79,25,180,13,80,41,244,11,81,04,077,,82,10,033,10*67
$GLGSV,3,3,09,83,04,346,18*5B
$GNGLL,0419.83570,S,05539.63720,E,084517.00,A,D*6F
$GNRMC,084518.00,A,0419.83570,S,05539.63718,E,0.026,,260525,,,D*70
$GNVTG,,T,,M,0.026,N,0.049,K,D*31
$GNGGA,084518.00,0419.83570,S,05539.63718,E,2,12,0.87,8.8,M,-47.6,M,,0000*7C
$GNGSA,A,3,25,23,12,15,10,29,18,24,32,26,41,,1.52,0.87,1.25*17
$GNGSA,A,3,68,79,80,67,82,69,73,,,,,,1.52,0.87,1.25*1B
$GPGSV,5,1,17,10,48,257,35,12,24,154,12,15,32,057,28,18,17,351,10*72
$GPGSV,5,2,17,23,55,331,22,24,15,126,14,25,54,179,34,26,15,305,16*75
$GPGSV,5,3,17,28,14,235,16,29,46,040,27,31,02,257,,32,24,202,11*7A
$GPGSV,5,4,17,36,52,277,,40,85,352,,41,58,082,31,49,32,274,*7E
$GPGSV,5,5,17,50,10,089,*4A
$GLGSV,3,1,09,67,18,034,12,68,64,064,26,69,52,183,32,73,13,297,13*63
$GLGSV,3,2,09,79,25,180,11,80,41,244,08,81,04,077,,82,10,033,10*6D
$GLGSV,3,3,09,83,04,346,17*54
$GNGLL,0419.83570,S,05539.63718,E,084518.00,A,D*6B
$GNRMC,084520.00,A,0419.83580,S,05539.63702,E,0.071,,260525,,,D*7D
$GNVTG,,T,,M,0.071,N,0.132,K,D*3E
$GNGGA,084520.00,0419.83580,S,05539.63702,E,2,12,0.96,10.0,M,-47.6,M,,0000*42
$GNGSA,A,3,25,23,12,15,10,29,18,24,32,41,,,1.58,0.96,1.26*1A
$GNGSA,A,3,68,79,80,67,82,69,,,,,,,1.58,0.96,1.26*16
$GPGSV,5,1,17,10,48,257,32,12,24,154,15,15,32,057,26,18,17,351,12*7E
$GPGSV,5,2,17,23,55,332,23,24,15,126,14,25,54,179,28,26,15,305,*7D
$GPGSV,5,3,17,28,14,235,14,29,46,040,28,31,02,257,,32,24,202,14*72
$GPGSV,5,4,17,36,52,277,,40,85,352,,41,58,082,31,49,32,274,*7E
$GPGSV,5,5,17,50,10,089,*4A
$GLGSV,3,1,09,67,18,034,10,68,64,064,27,69,52,183,24,73,13,297,*65
$GLGSV,3,2,09,79,25,180,13,80,41,244,17,81,04,077,,82,10,033,13*62
$GLGSV,3,3,09,83,04,346,19*5A
$GNGLL,0419.83580,S,05539.63702,E,084520.00,A,D*64
$GNRMC,084522.00,A,0419.83586,S,05539.63696,E,0.068,,260525,,,D*7D
$GNVTG,,T,,M,0.068,N,0.126,K,D*33
$GNGGA,084522.00,0419.83586,S,05539.63696,E,2,12,0.91,10.7,M,-47.6,M,,0000*4A
$GNGSA,A,3,25,23,12,15,10,29,18,24,32,41,,,1.70,0.91,1.44*13
$GNGSA,A,3,68,79,80,82,69,,,,,,,,1.70,0.91,1.44*1E
$GPGSV,5,1,17,10,48,257,34,12,24,154,14,15,32,057,26,18,17,351,13*78
$GPGSV,5,2,17,23,55,332,21,24,14,126,14,25,53,179,30,26,15,305,06*76
$GPGSV,5,3,17,28,14,235,15,29,46,040,30,31,02,257,,32,24,202,13*7D
$GPGSV,5,4,17,36,52,277,,40,85,352,,41,58,082,33,49,32,274,*7C
$GPGSV,5,5,17,50,10,089,*4A
$GLGSV,3,1,09,67,18,034,07,68,64,064,26,69,52,183,26,73,13,297,*60
$GLGSV,3,2,09,79,25,180,08,80,41,244,10,81,04,077,,82,10,033,09*64
$GLGSV,3,3,09,83,04,346,17*54
$GNGLL,0419.83586,S,05539.63696,E,084522.00,A,D*6C
$GNRMC,084523.00,A,0419.83585,S,05539.63694,E,0.109,,260525,,,D*7B
$GNVTG,,T,,M,0.109,N,0.202,K,D*30
$GNGGA,084523.00,0419.83585,S,05539.63694,E,2,12,0.86,11.3,M,-47.6,M,,0000*49
$GNGSA,A,3,25,23,12,15,10,29,18,24,28,32,41,,1.48,0.86,1.20*16
$GNGSA,A,3,68,80,67,82,69,,,,,,,,1.48,0.86,1.20*1E
$GPGSV,5,1,17,10,48,257,35,12,24,154,15,15,32,057,27,18,17,351,11*7B
$GPGSV,5,2,17,23,55,332,21,24,14,126,14,25,53,179,32,26,16,305,07*76
$GPGSV,5,3,17,28,14,235,16,29,46,040,30,31,02,257,,32,24,202,15*78
$GPGSV,5,4,17,36,52,277,,40,85,352,,41,58,082,34,49,32,274,*7B
$GPGSV,5,5,17,50,10,089,*4A
$GLGSV,3,1,09,67,18,034,09,68,64,064,27,69,52,183,27,73,13,297,*6E
$GLGSV,3,2,09,79,25,180,06,80,41,244,13,81,04,077,,82,10,033,12*63
$GLGSV,3,3,09,83,04,346,19*5A
$GNGLL,0419.83585,S,05539.63694,E,084523.00,A,D*6C
$GNRMC,084525.00,A,0419.83591,S,05539.63690,E,0.064,,260525,,,D*76
$GNVTG,,T,,M,0.064,N,0.119,K,D*33
$GNGGA,084525.00,0419.83591,S,05539.63690,E,2,12,0.87,11.5,M,-47.6,M,,0000*49
$GNGSA,A,3,25,23,12,15,10,29,18,24,28,32,26,41,1.52,0.87,1.25*1D
$GNGSA,A,3,68,79,80,67,82,69,,,,,,,1.52,0.87,1.25*1F
$GPGSV,5,1,17,10,48,257,36,12,24,154,17,15,32,057,26,18,17,351,09*72
$GPGSV,5,2,17,23,55,332,21,24,14,126,16,25,53,179,33,26,16,305,18*7B
$GPGSV,5,3,17,28,14,234,18,29,46,040,31,31,02,257,,32,24,202,11*72
$GPGSV,5,4,17,36,52,277,,40,85,352,,41,58,082,34,49,32,274,*7B
$GPGSV,5,5,17,50,10,089,*4A
$GLGSV,3,1,09,67,18,034,12,68,64,064,29,69,52,183,29,73,13,297,21*67
$GLGSV,3,2,09,79,25,180,14,80,41,244,17,81,04,077,,82,10,033,17*61
$GLGSV,3,3,09,83,04,346,21*51
$GNGLL,0419.83591,S,05539.63690,E,084525.00,A,D*6B
$GNRMC,084528.00,A,0419.83578,S,05539.63698,E,0.268,,260525,,,D*7A
$GNVTG,,T,,M,0.268,N,0.496,K,D*3F
$GNGGA,084528.00,0419.83578,S,05539.63698,E,2,12,0.73,12.0,M,-47.6,M,,0000*46
$GNGSA,A,3,25,23,12,15,10,29,18,24,28,32,26,41,1.29,0.73,1.07*1A
$GNGSA,A,3,68,79,80,67,82,69,,,,,,,1.29,0.73,1.07*18
$GPGSV,5,1,17,10,48,257,34,12,24,154,18,15,32,057,25,18,17,351,16*72
$GPGSV,5,2,17,23,55,332,21,24,14,126,17,25,53,179,31,26,16,305,14*74
$GPGSV,5,3,17,28,14,234,15,29,46,041,26,31,02,257,13,32,24,202,10*7B
$GPGSV,5,4,17,36,52,277,,40,85,352,,41,58,082,33,49,32,274,*7C
$GPGSV,5,5,17,50,10,089,*4A
$GLGSV,3,1,09,67,18,034,09,68,64,064,27,69,52,183,25,73,13,297,16*6B
$GLGSV,3,2,09,79,25,180,11,80,41,244,13,81,04,077,,82,10,033,11*66
$GNRMC,084531.00,A,0419.83586,S,05539.63699,E,0.078,,260525,,,D*71
$GNVTG,,T,,M,0.078,N,0.145,K,D*37
$GNGGA,084531.00,0419.83586,S,05539.63699,E,2,12,0.87,11.3,M,-47.6,M,,0000*45
$GNGSA,A,3,25,23,12,15,10,29,18,24,28,32,26,41,1.52,0.87,1.25*1D
$GNGSA,A,3,68,79,80,67,82,69,73,,,,,,1.52,0.87,1.25*1B
$GPGSV,5,1,17,10,48,257,37,12,24,154,15,15,32,057,25,18,17,351,14*7E
$GPGSV,5,2,17,23,55,332,24,24,14,126,13,25,53,179,35,26,16,305,08*7C
$GPGSV,5,3,17,28,14,234,17,29,46,041,28,31,02,257,,32,24,201,09*7E
$GPGSV,5,4,17,36,52,277,,40,85,352,,41,58,082,33,49,32,274,*7C
$GPGSV,5,5,17,50,10,089,*4A
$GLGSV,3,1,09,67,18,034,09,68,64,064,26,69,52,183,26,73,13,297,11*6E
$GLGSV,3,2,09,79,25,180,15,80,41,244,17,81,04,077,,82,10,033,13*64
$GLGSV,3,3,09,83,04,346,18*5B
$GNGLL,0419.83586,S,05539.63699,E,084531.00,A,D*61
$GNRMC,084536.00,A,0419.83594,S,05539.63695,E,0.163,,260525,,,D*72
$GNVTG,,T,,M,0.163,N,0.302,K,D*3D
$GNGGA,084536.00,0419.83594,S,05539.63695,E,2,12,0.78,9.9,M,-47.6,M,,0000*7E
$GNGSA,A,3,25,23,12,15,10,29,18,24,28,32,26,41,1.41,0.78,1.17*1E
$GNGSA,A,3,68,79,80,67,82,69,73,,,,,,1.41,0.78,1.17*18
$GPGSV,5,1,17,10,48,257,37,12,24,154,18,15,32,057,24,18,17,351,19*7F
$GPGSV,5,2,17,23,55,332,27,24,14,126,18,25,53,179,33,26,16,305,10*7B
$GPGSV,5,3,17,28,14,234,14,29,46,041,28,31,02,257,,32,24,201,15*70
$GPGSV,5,4,17,36,52,277,,40,85,352,,41,58,082,34,49,32,274,*7B
$GPGSV,5,5,17,50,10,089,*4A
$GLGSV,3,1,09,67,18,034,15,68,64,064,24,69,52,183,32,73,13,297,14*61
$GLGSV,3,2,09,79,25,180,16,80,41,244,27,81,04,077,,82,10,033,12*65
$GLGSV,3,3,09,83,04,346,19*5A
$GNGLL,0419.83594,S,05539.63695,E,084536.00,A,D*69
$GNRMC,084537.00,A,0419.83585,S,05539.63689,E,0.101,,260525,,,D*7A
$GNVTG,,T,,M,0.101,N,0.187,K,D*36
$GNGGA,084537.00,0419.83585,S,05539.63689,E,2,12,0.72,10.4,M,-47.6,M,,0000*4D
$GNGSA,A,3,25,23,12,15,10,29,18,24,28,32,26,41,1.33,0.72,1.11*17
$GNGSA,A,3,68,79,80,67,82,69,73,,,,,,1.33,0.72,1.11*11
$GPGSV,5,1,17,10,48,257,36,12,24,154,18,15,32,057,22,18,17,351,17*76
$GPGSV,5,2,17,23,55,332,26,24,14,126,18,25,53,179,32,26,16,305,12*79
$GPGSV,5,3,17,28,14,234,16,29,46,041,27,31,02,257,,32,24,201,11*79
$GPGSV,5,4,17,36,52,277,,40,85,352,,41,58,082,34,49,32,274,*7B
$GPGSV,5,5,17,50,10,089,*4A
$GLGSV,3,1,09,67,18,034,11,68,64,064,24,69,52,183,31,73,13,297,16*64
$GLGSV,3,2,09,79,25,180,16,80,41,244,27,81,04,077,,82,10,033,12*65
$GLGSV,3,3,09,83,04,346,18*5B
$GNGLL,0419.83585,S,05539.63689,E,084537.00,A,D*65
$GNRMC,084538.00,A,0419.83574,S,05539.63684,E,0.101,,260525,,,D*76
$GNVTG,,T,,M,0.101,N,0.187,K,D*36
$GNGGA,084538.00,0419.83574,S,05539.63684,E,2,12,0.72,10.5,M,-47.6,M,,0000*40
$GNGSA,A,3,25,23,12,15,10,29,18,24,28,32,26,41,1.33,0.72,1.11*17
$GNGSA,A,3,68,79,80,67,82,69,73,,,,,,1.33,0.72,1.11*11
$GPGSV,5,1,17,10,48,257,36,12,24,154,18,15,32,057,23,18,17,351,16*76
$GPGSV,5,2,17,23,55,332,25,24,14,126,17,25,53,179,33,26,16,305,11*77
$GPGSV,5,3,17,28,14,234,15,29,46,041,27,31,02,257,,32,24,201,13*78
$GPGSV,5,4,17,36,52,277,,40,85,352,,41,58,082,34,49,32,274,*7B
$GPGSV,5,5,17,50,10,089,*4A
$GLGSV,3,1,09,67,18,034,13,68,64,064,23,69,52,183,30,73,13,297,16*60
$GLGSV,3,2,09,79,25,180,15,80,41,244,29,81,04,077,,82,10,033,14*6E
$GLGSV,3,3,09,83,04,346,16*55
$GNGLL,0419.83574,S,05539.63684,E,084538.00,A,D*69
$GNRMC,084539.00,A,0419.83567,S,05539.63683,E,0.099,,260525,,,D*72
$GNVTG,,T,,M,0.099,N,0.183,K,D*32
$GNGGA,084539.00,0419.83567,S,05539.63683,E,2,12,0.72,10.6,M,-47.6,M,,0000*47
$GNGSA,A,3,25,23,12,15,10,29,18,24,32,26,41,,1.33,0.72,1.11*1D
$GNGSA,A,3,68,79,80,67,82,69,73,,,,,,1.33,0.72,1.11*11
$GPGSV,5,1,17,10,48,257,37,12,24,154,19,15,32,057,25,18,17,351,22*77
$GPGSV,5,2,17,23,55,332,26,24,14,126,17,25,53,179,34,26,16,305,10*72
$GPGSV,5,3,17,28,14,234,,29,46,041,29,31,02,257,,32,24,201,20*72
$GPGSV,5,4,17,36,52,277,,40,85,352,,41,58,082,34,49,32,274,*7B
$GPGSV,5,5,17,50,10,089,*4A
$GLGSV,3,1,09,67,18,034,12,68,64,064,21,69,52,183,29,73,13,297,15*68
$GLGSV,3,2,09,79,25,180,14,80,41,244,28,81,04,077,,82,10,033,07*6C
$GLGSV,3,3,09,83,04,346,16*55
$GNGLL,0419.83567,S,05539.63683,E,084539.00,A,D*6D
$GNRMC,084540.00,A,0419.83559,S,05539.63681,E,0.127,,260525,,,D*77
$GNVTG,,T,,M,0.127,N,0.235,K,D*38
$GNGGA,084540.00,0419.83559,S,05539.63681,E,2,12,0.72,10.7,M,-47.6,M,,0000*47
$GNGSA,A,3,25,23,12,15,10,29,18,24,32,26,41,,1.33,0.72,1.11*1D
$GNGSA,A,3,68,79,80,67,82,69,73,,,,,,1.33,0.72,1.11*11
$GPGSV,5,1,17,10,48,257,37,12,24,154,20,15,32,057,26,18,17,351,23*7F
$GPGSV,5,2,17,23,55,332,25,24,14,126,17,25,53,179,31,26,16,305,11*75
$GPGSV,5,3,17,28,14,234,,29,46,041,29,31,02,257,,32,24,201,18*79
$GPGSV,5,4,17,36,52,277,33,40,85,352,,41,58,082,34,49,32,274,*7B
$GPGSV,5,5,17,50,10,089,*4A
$GLGSV,3,1,09,67,18,034,12,68,64,064,19,69,52,183,29,73,13,297,14*62
$GLGSV,3,2,09,79,25,180,16,80,41,244,28,81,04,077,,82,10,033,08*61
$GLGSV,3,3,09,83,04,346,16*55
$GNGLL,0419.83559,S,05539.63681,E,084540.00,A,D*6C
$GNRMC,084541.00,A,0419.83559,S,05539.63679,E,0.049,,260525,,,D*78
$GNVTG,,T,,M,0.049,N,0.091,K,D*3D
$GNGGA,084541.00,0419.83559,S,05539.63679,E,2,12,0.74,10.7,M,-47.6,M,,0000*47
$GNGSA,A,3,25,23,12,15,10,29,18,24,32,26,41,,1.42,0.74,1.21*1E
$GNGSA,A,3,68,79,80,67,82,69,73,,,,,,1.42,0.74,1.21*12
$GPGSV,5,1,17,10,48,257,35,12,24,154,19,15,32,057,27,18,17,351,22*77
$GPGSV,5,2,17,23,55,332,24,24,14,126,17,25,53,179,31,26,16,305,09*7D
$GPGSV,5,3,17,28,14,234,,29,46,041,27,31,02,257,,32,24,201,19*76
$GPGSV,5,4,17,36,52,277,33,40,85,352,,41,58,082,34,49,32,274,*7B
$GPGSV,5,5,17,50,10,089,*4A
$GLGSV,3,1,09,67,18,034,09,68,64,064,19,69,52,183,28,73,13,297,15*68
$GLGSV,3,2,09,79,25,180,16,80,41,244,29,81,04,077,,82,10,033,08*60
$GLGSV,3,3,09,83,04,346,15*56
$GNGLL,0419.83559,S,05539.63679,E,084541.00,A,D*6A
$GNRMC,084542.00,A,0419.83553,S,05539.63675,E,0.154,,260525,,,D*70
$GNVTG,,T,,M,0.154,N,0.285,K,D*37
$GNGGA,084542.00,0419.83553,S,05539.63675,E,2,12,0.72,10.5,M,-47.6,M,,0000*46
$GNGSA,A,3,25,23,12,15,10,29,18,24,32,26,41,,1.33,0.72,1.11*1D
$GNGSA,A,3,68,79,80,67,82,69,73,,,,,,1.33,0.72,1.11*11
$GPGSV,5,1,17,10,48,257,36,12,24,154,19,15,32,057,25,18,17,351,22*76
$GPGSV,5,2,17,23,55,332,24,24,14,126,18,25,53,179,32,26,16,305,08*70
$GPGSV,5,3,17,28,14,234,,29,46,041,26,31,02,257,,32,24,201,20*7D
$GPGSV,5,4,17,36,52,277,33,40,85,352,,41,58,082,34,49,32,274,*7B
$GPGSV,5,5,17,50,10,089,*4A
$GLGSV,3,1,09,67,18,034,07,68,64,064,21,69,52,183,28,73,13,297,15*6D
$GLGSV,3,2,09,79,25,180,17,80,41,244,28,81,04,077,,82,10,033,10*69
$GLGSV,3,3,09,83,04,346,14*57
$GNGLL,0419.83553,S,05539.63675,E,084542.00,A,D*6F
$GNRMC,084543.00,A,0419.83562,S,05539.63677,E,0.355,,260525,,,D*72
$GNVTG,,T,,M,0.355,N,0.658,K,D*30
$GNGGA,084543.00,0419.83562,S,05539.63677,E,2,12,0.74,9.5,M,-47.6,M,,0000*79
$GNGSA,A,3,25,23,12,15,10,29,18,24,32,26,41,,1.36,0.74,1.14*1B
$GNGSA,A,3,68,80,67,82,69,73,,,,,,,1.36,0.74,1.14*19
$GPGSV,5,1,17,10,48,257,37,12,24,154,18,15,32,057,27,18,17,351,22*74
$GPGSV,5,2,17,23,55,332,22,24,14,126,17,25,53,179,32,26,16,305,10*70
$GPGSV,5,3,17,28,14,234,,29,46,041,27,31,02,257,,32,24,201,19*76
$GPGSV,5,4,17,36,52,277,33,40,85,352,,41,58,082,34,49,32,274,*7B
$GPGSV,5,5,17,50,10,089,*4A
$GLGSV,3,1,09,67,18,034,12,68,64,064,22,69,52,183,28,73,13,297,17*68
$GLGSV,3,2,09,79,25,180,,80,41,244,27,81,04,077,,82,10,033,10*60
$GLGSV,3,3,09,83,04,346,12*51
$GNGLL,0419.83562,S,05539.63677,E,084543.00,A,D*6E
$GNRMC,084545.00,A,0419.83562,S,05539.63672,E,0.105,,260525,,,D*76
$GNVTG,,T,,M,0.105,N,0.194,K,D*30
$GNGGA,084545.00,0419.83562,S,05539.63672,E,2,12,0.74,9.3,M,-47.6,M,,0000*7C
$GNGSA,A,3,25,23,12,15,10,29,18,24,32,26,41,,1.36,0.74,1.14*1B
$GNGSA,A,3,68,80,67,82,69,73,,,,,,,1.36,0.74,1.14*19
$GPGSV,5,1,17,10,48,257,37,12,24,154,20,15,32,057,24,18,17,351,25*7B
$GPGSV,5,2,17,23,55,332,17,24,14,126,18,25,53,179,32,26,16,305,13*7A
$GPGSV,5,3,17,28,14,234,19,29,46,041,31,31,02,257,,32,24,201,17*77
$GPGSV,5,4,17,36,52,277,32,40,85,352,,41,58,082,32,49,32,274,*7C
$GPGSV,5,5,17,50,10,089,*4A
$GLGSV,3,1,09,67,18,034,18,68,64,064,21,69,52,183,31,73,13,297,21*6C
$GLGSV,3,2,09,79,25,180,,80,41,244,27,81,04,077,,82,10,033,07*66
$GLGSV,3,3,09,83,04,346,12*51
$GNGLL,0419.83562,S,05539.63672,E,084545.00,A,D*6D
$GNRMC,084546.00,A,0419.83561,S,05539.63674,E,0.158,,260525,,,D*78
$GNVTG,,T,,M,0.158,N,0.293,K,D*3C
$GNGGA,084546.00,0419.83561,S,05539.63674,E,2,12,0.74,9.0,M,-47.6,M,,0000*79
$GNGSA,A,3,25,23,12,15,10,29,18,24,32,26,41,,1.36,0.74,1.14*1B
$GNGSA,A,3,68,80,67,82,69,73,,,,,,,1.36,0.74,1.14*19
$GPGSV,5,1,17,10,48,257,36,12,24,154,21,15,32,057,21,18,17,351,25*7E
$GPGSV,5,2,17,23,55,332,20,24,14,126,16,25,53,179,32,26,16,305,08*7A
$GPGSV,5,3,17,28,14,234,17,29,46,041,30,31,02,257,,32,24,201,15*7A
$GPGSV,5,4,17,36,52,277,32,40,85,352,,41,58,082,31,49,32,274,*7F
$GPGSV,5,5,17,50,10,089,*4A
$GLGSV,3,1,09,67,18,034,14,68,64,064,20,69,52,183,31,73,13,297,21*61
$GLGSV,3,2,09,79,25,180,,80,41,244,29,81,04,077,,82,10,033,10*6E
$GLGSV,3,3,09,83,04,346,13*50
$GNGLL,0419.83561,S,05539.63674,E,084546.00,A,D*6B
$GNRMC,084547.00,A,0419.83560,S,05539.63670,E,0.069,,260525,,,D*7F
$GNVTG,,T,,M,0.069,N,0.127,K,D*33
$GNGGA,084547.00,0419.83560,S,05539.63670,E,2,12,0.67,9.4,M,-47.6,M,,0000*7B
$GNGSA,A,3,25,23,12,15,10,29,18,24,32,26,41,,1.32,0.67,1.13*1A
$GNGSA,A,3,68,80,67,82,69,73,,,,,,,1.32,0.67,1.13*18
$GPGSV,5,1,17,10,48,257,35,12,24,154,22,15,32,057,20,18,17,351,26*7C
$GPGSV,5,2,17,23,55,332,25,24,14,126,16,25,53,179,31,26,16,305,19*7C
$GPGSV,5,3,17,28,14,234,14,29,46,041,28,31,02,257,,32,24,201,14*71
$GPGSV,5,4,17,36,52,277,33,40,85,352,,41,58,082,32,49,32,274,*7D
$GPGSV,5,5,17,50,10,089,*4A
$GLGSV,3,1,09,67,18,034,15,68,64,064,20,69,52,183,30,73,13,297,20*60
$GLGSV,3,2,09,79,25,180,,80,41,244,30,81,04,077,,82,10,033,10*66
$GLGSV,3,3,09,83,04,346,14*57
$GNGLL,0419.83560,S,05539.63670,E,084547.00,A,D*6F
$GNRMC,084548.00,A,0419.83562,S,05539.63663,E,0.149,,260525,,,D*73
$GNVTG,,T,,M,0.149,N,0.277,K,D*36
$GNGGA,084548.00,0419.83562,S,05539.63663,E,2,12,0.74,9.6,M,-47.6,M,,0000*74
$GNGSA,A,3,25,23,12,15,10,29,18,24,32,26,41,,1.36,0.74,1.14*1B
$GNGSA,A,3,68,80,67,82,69,73,,,,,,,1.36,0.74,1.14*19
$GPGSV,5,1,17,10,48,257,36,12,24,154,21,15,32,057,20,18,17,351,25*7F
$GPGSV,5,2,17,23,55,332,27,24,14,126,17,25,53,179,31,26,16,305,20*75
$GPGSV,5,3,17,28,14,234,12,29,46,041,27,31,02,257,,32,24,201,17*7B
$GPGSV,5,4,17,36,52,277,33,40,85,352,,41,58,082,33,49,32,274,*7C
$GPGSV,5,5,17,50,10,089,*4A
$GLGSV,3,1,09,67,18,034,14,68,64,064,22,69,52,183,29,73,13,297,18*60
$GLGSV,3,2,09,79,25,180,,80,41,244,30,81,04,077,,82,10,033,11*67
$GLGSV,3,3,09,83,04,346,15*56
$GNGLL,0419.83562,S,05539.63663,E,084548.00,A,D*60
$GNRMC,084549.00,A,0419.83564,S,05539.63658,E,0.112,,260525,,,D*72
$GNVTG,,T,,M,0.112,N,0.207,K,D*3F
$GNGGA,084549.00,0419.83564,S,05539.63658,E,2,12,0.66,9.9,M,-47.6,M,,0000*77
$GNGSA,A,3,25,23,12,15,10,29,18,24,32,26,41,,1.25,0.66,1.06*19
$GNGSA,A,3,68,80,67,82,69,73,,,,,,,1.25,0.66,1.06*1B
$GPGSV,5,1,17,10,48,257,36,12,24,154,20,15,32,057,22,18,17,351,25*7C
$GPGSV,5,2,17,23,55,332,26,24,14,126,16,25,53,179,31,26,16,305,18*7E
$GPGSV,5,3,17,28,14,234,10,29,46,041,26,31,02,257,,32,24,201,18*77
$GPGSV,5,4,17,36,52,277,33,40,85,352,,41,58,082,33,49,32,274,*7C
$GPGSV,5,5,17,50,10,089,*4A
$GLGSV,3,1,09,67,18,034,12,68,64,064,22,69,52,183,30,73,13,297,16*60
$GLGSV,3,2,09,79,25,180,,80,41,244,30,81,04,077,,82,10,033,10*66
$GLGSV,3,3,09,83,04,346,17*54
$GNGLL,0419.83564,S,05539.63658,E,084549.00,A,D*6F
$GNRMC,084550.00,A,0419.83569,S,05539.63660,E,0.197,,260525,,,D*71
$GNVTG,,T,,M,0.197,N,0.366,K,D*34
$GNGGA,084550.00,0419.83569,S,05539.63660,E,2,12,0.70,9.8,M,-47.6,M,,0000*7F
$GNGSA,A,3,25,23,12,15,10,29,18,24,32,26,41,,1.38,0.70,1.19*1C
$GNGSA,A,3,68,80,82,69,73,,,,,,,,1.38,0.70,1.19*1F
$GPGSV,5,1,17,10,48,257,35,12,24,154,18,15,32,057,22,18,17,351,24*75
$GPGSV,5,2,17,23,55,332,24,24,14,126,15,25,53,179,31,26,16,305,18*7F
$GPGSV,5,3,17,28,14,234,09,29,46,041,27,31,02,257,,32,24,201,21*74
$GPGSV,5,4,17,36,52,277,33,40,85,352,,41,58,082,33,49,32,274,*7C
$GPGSV,5,5,17,50,10,089,*4A
$GLGSV,3,1,09,67,18,034,09,68,64,064,22,69,52,183,30,73,13,297,16*6A
$GLGSV,3,2,09,79,25,180,,80,41,244,30,81,04,077,,82,10,033,11*67
$GLGSV,3,3,09,83,04,346,17*54
$GNGLL,0419.83569,S,05539.63660,E,084550.00,A,D*61
$GNRMC,084551.00,A,0419.83575,S,05539.63666,E,0.292,,260525,,,D*7D
$GNVTG,,T,,M,0.292,N,0.541,K,D*31
$GNGGA,084551.00,0419.83575,S,05539.63666,E,2,12,0.62,10.2,M,-47.6,M,,0000*44
$GNGSA,A,3,25,23,12,15,10,29,18,24,32,26,41,,1.19,0.62,1.01*15
$GNGSA,A,3,68,80,67,82,69,73,,,,,,,1.19,0.62,1.01*17
$GPGSV,5,1,17,10,48,257,35,12,24,154,20,15,32,057,25,18,17,351,25*78
$GPGSV,5,2,17,23,55,332,23,24,14,126,15,25,53,179,31,26,16,305,19*79
$GPGSV,5,3,17,28,14,234,08,29,46,041,27,31,02,257,,32,24,201,22*76
$GPGSV,5,4,17,36,52,277,33,40,85,352,,41,58,082,33,49,32,274,*7C
$GPGSV,5,5,17,50,10,089,*4A
$GLGSV,3,1,09,67,18,034,10,68,64,064,22,69,52,183,30,73,13,297,16*62
$GLGSV,3,2,09,79,25,180,,80,41,244,30,81,04,077,,82,10,033,11*67
$GLGSV,3,3,09,83,04,346,16*55
$GNGLL,0419.83575,S,05539.63666,E,084551.00,A,D*6B
$GNRMC,084552.00,A,0419.83577,S,05539.63665,E,0.034,,260525,,,D*71
$GNVTG,,T,,M,0.034,N,0.064,K,D*3D
$GNGGA,084552.00,0419.83577,S,05539.63665,E,2,12,0.62,9.8,M,-47.6,M,,0000*74
$GNGSA,A,3,25,23,12,15,10,29,18,24,28,32,26,41,1.19,0.62,1.01*1F
$GNGSA,A,3,68,80,67,82,69,73,,,,,,,1.19,0.62,1.01*17
$GPGSV,5,1,17,10,48,257,36,12,24,154,21,15,32,057,26,18,17,351,25*79
$GPGSV,5,2,17,23,55,332,24,24,14,126,15,25,53,179,32,26,16,305,18*7C
$GPGSV,5,3,17,28,14,234,10,29,46,041,28,31,02,257,,32,24,201,23*71
$GPGSV,5,4,17,36,52,277,33,40,85,352,,41,58,082,34,49,32,274,*7B
$GPGSV,5,5,17,50,10,089,*4A
$GLGSV,3,1,09,67,17,033,13,68,64,064,22,69,52,183,29,73,13,297,16*61
$GLGSV,3,2,09,79,25,180,,80,41,244,30,81,04,077,,82,10,033,10*66
$GLGSV,3,3,09,83,04,346,15*56
$GNGLL,0419.83577,S,05539.63665,E,084552.00,A,D*69
$GNRMC,084553.00,A,0419.83577,S,05539.63667,E,0.068,,260525,,,D*7B
$GNVTG,,T,,M,0.068,N,0.126,K,D*33
$GNGGA,084553.00,0419.83577,S,05539.63667,E,2,12,0.64,10.0,M,-47.6,M,,0000*41
$GNGSA,A,3,25,23,12,15,10,29,18,24,28,32,26,41,1.21,0.64,1.03*10
$GNGSA,A,3,68,80,67,82,69,73,,,,,,,1.21,0.64,1.03*18
$GPGSV,5,1,17,10,48,257,35,12,24,154,21,15,32,057,26,18,17,351,23*7C
$GPGSV,5,2,17,23,55,332,23,24,14,126,14,25,53,179,32,26,16,305,17*75
$GPGSV,5,3,17,28,14,234,10,29,46,041,27,31,02,257,,32,24,201,22*7F
$GPGSV,5,4,17,36,52,277,33,40,85,352,,41,58,082,33,49,32,274,*7C
$GPGSV,5,5,17,50,10,089,*4A
$GLGSV,3,1,09,67,17,033,14,68,64,062,23,69,52,183,28,73,13,297,15*63
$GLGSV,3,2,09,79,25,180,,80,41,244,30,81,04,077,,82,10,033,11*67
$GLGSV,3,3,09,83,04,346,12*51
$GNGLL,0419.83577,S,05539.63667,E,084553.00,A,D*6A
$GNRMC,084555.00,A,0419.83586,S,05539.63682,E,0.121,,260525,,,D*74
$GNVTG,,T,,M,0.121,N,0.224,K,D*3E
$GNGGA,084555.00,0419.83586,S,05539.63682,E,2,12,0.62,10.0,M,-47.6,M,,0000*44
$GNGSA,A,3,25,23,12,15,10,29,18,24,32,26,41,,1.19,0.62,1.01*15
$GNGSA,A,3,68,80,67,82,69,73,,,,,,,1.19,0.62,1.01*17
$GPGSV,5,1,17,10,48,257,35,12,24,154,18,15,32,057,23,18,17,351,18*7B
$GPGSV,5,2,17,23,55,332,20,24,14,126,13,25,53,179,30,26,16,305,15*71
$GPGSV,5,3,17,28,14,234,08,29,46,041,28,31,02,257,,32,24,201,22*79
$GPGSV,5,4,17,36,52,277,33,40,85,352,,41,58,082,33,49,32,274,*7C
$GPGSV,5,5,17,50,10,089,*4A
$GLGSV,3,1,09,67,17,033,14,68,64,062,23,69,52,183,30,73,13,297,14*6B
$GLGSV,3,2,09,79,25,180,,80,41,244,31,81,04,077,,82,10,033,10*67
$GLGSV,3,3,09,83,04,346,16*55
$GNGLL,0419.83586,S,05539.63682,E,084555.00,A,D*69
$GNVTG,,T,,M,0.120,N,0.223,K,D*38
$GNGGA,084556.00,0419.83583,S,05539.63687,E,2,12,0.64,10.4,M,-47.6,M,,0000*45
$GNGSA,A,3,25,23,12,15,10,29,18,24,32,26,41,,1.24,0.64,1.07*1B
$GNGSA,A,3,68,80,67,82,69,73,,,,,,,1.24,0.64,1.07*19
$GPGSV,5,1,17,10,48,257,34,12,24,154,17,15,32,057,23,18,17,351,15*78
$GPGSV,5,2,17,23,55,332,20,24,14,126,12,25,53,179,30,26,16,305,14*71
$GPGSV,5,3,17,28,14,234,,29,46,041,27,31,02,257,,32,24,201,23*7F
$GPGSV,5,4,17,36,52,277,33,40,85,352,,41,58,082,33,49,32,274,*7C
$GPGSV,5,5,17,50,10,089,*4A
$GLGSV,3,1,09,67,17,033,16,68,64,062,24,69,52,183,30,73,13,297,15*6F
$GLGSV,3,2,09,79,25,180,,80,41,244,30,81,04,077,,82,10,033,10*66
$GLGSV,3,3,09,83,04,346,11*52
$GNGLL,0419.83583,S,05539.63687,E,084556.00,A,D*6A
$GNRMC,084557.00,A,0419.83579,S,05539.63689,E,0.038,,260525,,,D*74
$GNVTG,,T,,M,0.038,N,0.070,K,D*34
$GNGGA,084557.00,0419.83579,S,05539.63689,E,2,12,0.66,10.3,M,-47.6,M,,0000*4A
$GNGSA,A,3,25,23,12,15,10,29,18,24,32,26,41,,1.25,0.66,1.06*19
$GNGSA,A,3,68,80,67,82,69,,,,,,,,1.25,0.66,1.06*1F
$GPGSV,5,1,17,10,48,257,34,12,24,154,20,15,32,057,22,18,17,351,13*7B
$GPGSV,5,2,17,23,55,332,21,24,14,126,12,25,53,179,30,26,16,305,14*70
$GPGSV,5,3,17,28,14,234,,29,46,041,27,31,02,257,,32,24,201,21*7D
$GPGSV,5,4,17,36,52,277,33,40,85,352,,41,58,082,33,49,32,274,*7C
$GPGSV,5,5,17,50,10,089,*4A
$GLGSV,3,1,09,67,17,033,17,68,64,062,23,69,52,183,31,73,13,297,*6C
$GLGSV,3,2,09,79,25,180,,80,41,244,29,81,04,077,,82,10,033,11*6F
$GLGSV,3,3,09,83,04,346,10*53
$GNGLL,0419.83579,S,05539.63689,E,084557.00,A,D*60
$GNRMC,084558.00,A,0419.83572,S,05539.63691,E,0.029,,260525,,,D*79
$GNVTG,,T,,M,0.029,N,0.053,K,D*35
$GNGGA,084558.00,0419.83572,S,05539.63691,E,2,12,0.66,10.4,M,-47.6,M,,0000*40
$GNGSA,A,3,25,23,12,15,10,29,18,24,32,26,41,,1.25,0.66,1.06*19
$GNGSA,A,3,68,80,67,82,69,,,,,,,,1.25,0.66,1.06*1F
$GPGSV,5,1,17,10,48,257,35,12,24,154,20,15,32,057,22,18,17,351,13*7A
$GPGSV,5,2,17,23,55,332,21,24,14,126,15,25,53,179,30,26,16,305,13*70
$GPGSV,5,3,17,28,14,234,,29,46,041,25,31,02,257,,32,24,201,20*7E
$GPGSV,5,4,17,36,52,277,33,40,85,352,,41,58,082,33,49,32,274,*7C
$GPGSV,5,5,17,50,10,089,*4A
$GLGSV,3,1,09,67,17,033,19,68,64,062,21,69,52,183,31,73,13,297,*60
$GLGSV,3,2,09,79,25,180,19,80,41,244,29,81,04,077,,82,10,033,12*64
$GLGSV,3,3,09,83,04,346,09*5B
$GNGLL,0419.83572,S,05539.63691,E,084558.00,A,D*6D
$GNRMC,084559.00,A,0419.83563,S,05539.63692,E,0.049,,260525,,,D*7D
$GNVTG,,T,,M,0.049,N,0.090,K,D*3C
$GNGGA,084559.00,0419.83563,S,05539.63692,E,2,12,0.66,10.7,M,-47.6,M,,0000*41
$GNGSA,A,3,25,23,12,15,10,29,18,24,32,26,41,,1.25,0.66,1.06*19
$GNGSA,A,3,68,80,67,82,69,,,,,,,,1.25,0.66,1.06*1F
$GPGSV,5,1,17,10,48,257,35,12,24,154,19,15,32,057,23,18,17,351,13*71
$GPGSV,5,2,17,23,55,332,22,24,14,126,17,25,53,179,31,26,16,305,14*77
$GPGSV,5,3,17,28,14,234,,29,46,041,24,31,02,257,,32,24,201,21*7E
$GPGSV,5,4,17,36,52,277,33,40,85,352,,41,58,082,32,49,32,274,*7D
$GPGSV,5,5,17,50,10,089,*4A
$GLGSV,3,1,09,67,17,033,19,68,64,062,23,69,52,183,30,73,13,297,19*6B
$GLGSV,3,2,09,79,25,180,18,80,41,244,29,81,04,077,,82,10,033,09*6F
$GLGSV,3,3,09,83,04,346,09*5B
$GNGLL,0419.83563,S,05539.63692,E,084559.00,A,D*6F
$GNRMC,084600.00,A,0419.83556,S,05539.63695,E,0.035,,260525,,,D*78
$GNVTG,,T,,M,0.035,N,0.064,K,D*3C
$GNGGA,084600.00,0419.83556,S,05539.63695,E,2,12,0.66,11.0,M,-47.6,M,,0000*49
$GNGSA,A,3,25,23,12,15,10,29,18,24,32,26,41,,1.25,0.66,1.06*19
$GNGSA,A,3,68,80,67,82,69,,,,,,,,1.25,0.66,1.06*1F
$GPGSV,5,1,17,10,48,257,35,12,24,154,17,15,32,057,23,18,17,351,14*78
$GPGSV,5,2,17,23,55,332,22,24,14,126,16,25,53,179,30,26,16,305,12*71
$GPGSV,5,3,17,28,14,234,,29,46,041,24,31,02,257,,32,24,201,20*7F
$GPGSV,5,4,17,36,52,277,33,40,85,352,,41,58,082,32,49,32,274,*7D
$GPGSV,5,5,17,50,10,089,*4A
$GLGSV,3,1,09,67,17,033,19,68,64,062,25,69,52,183,30,73,13,297,19*6D
$GLGSV,3,2,09,79,25,180,16,80,41,244,29,81,04,077,,82,10,033,09*61
$GLGSV,3,3,09,83,04,346,09*5B
$GNGLL,0419.83556,S,05539.63695,E,084600.00,A,D*61
$GNRMC,084601.00,A,0419.83552,S,05539.63703,E,0.243,,260525,,,D*70
$GNVTG,,T,,M,0.243,N,0.451,K,D*3D
$GNGGA,084601.00,0419.83552,S,05539.63703,E,2,12,0.66,10.9,M,-47.6,M,,0000*4A
$GNGSA,A,3,25,23,12,15,10,29,18,24,32,26,41,,1.25,0.66,1.06*19
$GNGSA,A,3,68,80,67,82,69,,,,,,,,1.25,0.66,1.06*1F
$GPGSV,5,1,17,10,48,257,36,12,24,154,18,15,32,057,21,18,17,351,15*77
$GPGSV,5,2,17,23,55,332,23,24,14,126,14,25,53,179,30,26,16,305,10*70
$GPGSV,5,3,17,28,14,234,,29,46,041,24,31,02,257,13,32,24,201,19*77
$GPGSV,5,4,17,36,52,277,32,40,85,352,,41,58,082,33,49,32,274,*7D
$GPGSV,5,5,17,50,10,089,*4A
$GLGSV,3,1,09,67,17,033,16,68,64,062,25,69,52,183,30,73,13,297,18*63
$GLGSV,3,2,09,79,25,180,13,80,41,244,28,81,04,077,,82,10,033,09*65
$GLGSV,3,3,09,83,04,346,09*5B
$GNGLL,0419.83552,S,05539.63703,E,084601.00,A,D*6A
$GNRMC,084602.00,A,0419.83548,S,05539.63708,E,0.065,,260525,,,D*75
$GNVTG,,T,,M,0.065,N,0.121,K,D*39
$GNGGA,084602.00,0419.83548,S,05539.63708,E,2,12,0.67,10.9,M,-47.6,M,,0000*48
$GNGSA,A,3,25,23,12,15,10,29,18,24,32,26,41,,1.32,0.67,1.13*1A
$GNGSA,A,3,68,80,67,69,,,,,,,,,1.32,0.67,1.13*16
$GPGSV,5,1,17,10,48,257,36,12,24,154,17,15,32,057,19,18,17,351,18*7E
$GPGSV,5,2,17,23,55,332,22,24,14,126,14,25,53,179,31,26,16,305,10*70
$GPGSV,5,3,17,28,14,234,,29,46,041,25,31,02,257,11,32,24,201,21*7F
$GPGSV,5,4,17,36,52,277,32,40,85,352,,41,58,082,33,49,32,274,*7D
$GPGSV,5,5,17,50,10,089,*4A
$GLGSV,3,1,09,67,17,033,17,68,64,062,26,69,52,183,30,73,13,297,14*6D
$GLGSV,3,2,09,79,25,180,11,80,41,244,26,81,04,077,,82,10,033,*60
$GLGSV,3,3,09,83,04,346,*52
$GNGLL,0419.83548,S,05539.63708,E,084602.00,A,D*69
$GNRMC,084603.00,A,0419.83543,S,05539.63713,E,0.077,,260525,,,D*76
$GNVTG,,T,,M,0.077,N,0.142,K,D*3F
$GNGGA,084603.00,0419.83543,S,05539.63713,E,2,12,0.67,11.0,M,-47.6,M,,0000*40
$GNGSA,A,3,25,23,12,15,10,29,18,24,32,26,41,,1.32,0.67,1.13*1A
$GNGSA,A,3,68,79,80,67,69,,,,,,,,1.32,0.67,1.13*18
$GPGSV,5,1,17,10,48,257,36,12,24,154,20,15,32,057,19,18,17,351,19*7B
$GPGSV,5,2,17,23,55,332,23,24,14,126,13,25,53,179,30,26,16,305,09*7F
$GPGSV,5,3,17,28,14,234,,29,46,041,26,31,02,257,09,32,24,201,22*76
$GPGSV,5,4,17,36,52,277,33,40,85,352,,41,58,082,32,49,32,274,*7D
$GPGSV,5,5,17,50,10,089,*4A
$GLGSV,3,1,09,67,17,033,16,68,64,062,25,69,52,183,30,73,13,297,10*6B
$GLGSV,3,2,09,79,25,180,10,80,41,244,26,81,04,077,,82,10,033,*61
$GLGSV,3,3,09,83,04,346,*52
$GNGLL,0419.83543,S,05539.63713,E,084603.00,A,D*69
$GNRMC,084604.00,A,0419.83538,S,05539.63722,E,0.135,,260525,,,D*78
$GNVTG,,T,,M,0.135,N,0.250,K,D*38
$GNGGA,084604.00,0419.83538,S,05539.63722,E,2,12,0.65,11.2,M,-47.6,M,,0000*49
$GNGSA,A,3,25,23,12,15,10,29,18,24,32,26,41,,1.28,0.65,1.11*11
$GNGSA,A,3,68,79,80,67,69,,,,,,,,1.28,0.65,1.11*13
$GPGSV,5,1,17,10,48,257,35,12,24,154,22,15,32,057,21,18,17,351,20*7B
$GPGSV,5,2,17,23,55,332,24,24,14,126,11,25,53,179,30,26,16,305,10*72
$GPGSV,5,3,17,28,14,234,,29,46,041,25,31,02,257,08,32,24,201,22*74
$GPGSV,5,4,17,36,52,277,32,40,85,352,,41,58,082,32,49,32,274,*7C
$GPGSV,5,5,17,50,10,089,*4A
$GLGSV,3,1,09,67,17,033,16,68,64,062,25,69,52,183,30,73,13,297,09*63
$GLGSV,3,2,09,79,25,179,12,80,41,244,26,81,04,077,,82,10,033,*65
$GLGSV,3,3,09,83,04,346,*52
$GNGLL,0419.83538,S,05539.63722,E,084604.00,A,D*60
$GNRMC,084605.00,A,0419.83534,S,05539.63728,E,0.055,,260525,,,D*78
$GNVTG,,T,,M,0.055,N,0.101,K,D*38
$GNGGA,084605.00,0419.83534,S,05539.63728,E,2,12,0.65,11.0,M,-47.6,M,,0000*4C
$GNGSA,A,3,25,23,12,15,10,29,18,24,32,26,41,,1.28,0.65,1.11*11
$GNGSA,A,3,68,79,80,67,69,73,,,,,,,1.28,0.65,1.11*17
$GPGSV,5,1,17,10,48,257,35,12,24,154,23,15,32,057,22,18,17,351,20*79
$GPGSV,5,2,17,23,55,332,25,24,14,126,11,25,53,179,30,26,16,305,08*7A
$GPGSV,5,3,17,28,14,234,,29,46,041,25,31,02,257,08,32,24,201,21*77
$GPGSV,5,4,17,36,52,277,32,40,85,352,,41,58,082,32,49,32,274,*7C
$GPGSV,5,5,17,50,10,089,*4A
$GLGSV,3,1,09,67,17,033,18,68,64,062,25,69,52,183,31,73,13,297,10*64
$GLGSV,3,2,09,79,25,179,15,80,41,243,25,81,04,077,,82,10,033,*66
$GLGSV,3,3,09,83,04,346,*52
$GNGLL,0419.83534,S,05539.63728,E,084605.00,A,D*67
$GNRMC,084606.00,A,0419.83532,S,05539.63734,E,0.187,,260525,,,D*7E
$GNVTG,,T,,M,0.187,N,0.347,K,D*36
$GNGGA,084606.00,0419.83532,S,05539.63734,E,2,12,0.75,11.2,M,-47.6,M,,0000*47
$GNGSA,A,3,25,23,12,15,10,29,18,24,32,26,41,,1.45,0.75,1.24*1D
$GNGSA,A,3,68,79,80,67,69,73,,,,,,,1.45,0.75,1.24*1B
$GPGSV,5,1,17,10,48,257,35,12,24,154,22,15,32,057,23,18,17,351,21*78
$GPGSV,5,2,17,23,55,332,25,24,14,126,10,25,53,179,30,26,16,305,12*70
$GPGSV,5,3,17,28,14,234,,29,46,041,25,31,02,257,08,32,24,201,20*76
$GPGSV,5,4,17,36,52,277,32,40,85,352,,41,58,082,32,49,32,274,*7C
$GPGSV,5,5,17,50,10,089,*4A
$GLGSV,3,1,09,67,17,033,19,68,64,062,25,69,52,183,31,73,13,297,11*64
$GLGSV,3,2,09,79,25,179,15,80,41,243,25,81,04,078,,82,10,033,*69
$GLGSV,3,3,09,83,04,346,*52
$GNGLL,0419.83532,S,05539.63734,E,084606.00,A,D*6F
$GNRMC,084607.00,A,0419.83526,S,05539.63738,E,0.108,,260525,,,D*71
$GNVTG,,T,,M,0.108,N,0.200,K,D*33
$GNGGA,084607.00,0419.83526,S,05539.63738,E,2,12,0.82,11.6,M,-47.6,M,,0000*43
$GNGSA,A,3,25,23,12,15,10,29,18,32,26,41,,,1.59,0.82,1.36*1D
$GNGSA,A,3,68,79,80,67,69,73,,,,,,,1.59,0.82,1.36*1D
$GPGSV,5,1,17,10,48,257,36,12,24,154,22,15,32,057,21,18,17,351,22*7A
$GPGSV,5,2,17,23,55,332,26,24,14,126,10,25,53,179,30,26,16,305,11*70
$GPGSV,5,3,17,28,14,234,,29,46,041,26,31,02,257,08,32,24,201,20*75
$GPGSV,5,4,17,36,52,277,32,40,85,352,,41,58,082,33,49,32,274,*7D
$GPGSV,5,5,17,50,10,089,*4A
$GLGSV,3,1,09,67,17,033,19,68,64,062,25,69,52,183,31,73,13,297,10*65
$GLGSV,3,2,09,79,25,179,11,80,41,243,26,81,04,078,,82,10,034,*69
$GLGSV,3,3,09,83,04,346,*52
$GNGLL,0419.83526,S,05539.63738,E,084607.00,A,D*67
$GNRMC,084610.00,A,0419.83526,S,05539.63747,E,0.020,,260525,,,D*74
$GNVTG,,T,,M,0.020,N,0.037,K,D*3E
$GNGGA,084610.00,0419.83526,S,05539.63747,E,2,12,0.82,12.0,M,-47.6,M,,0000*48
$GNGSA,A,3,25,23,12,15,10,29,18,24,32,26,41,,1.59,0.82,1.36*1B
$GNRMC,084611.00,A,0419.83528,S,05539.63750,E,0.063,,260525,,,D*7A
$GNVTG,,T,,M,0.063,N,0.116,K,D*3B
$GNGGA,084611.00,0419.83528,S,05539.63750,E,2,12,0.80,12.3,M,-47.6,M,,0000*40
$GNGSA,A,3,25,23,12,15,10,29,18,24,32,41,,,1.52,0.80,1.29*18
$GNGSA,A,3,68,79,80,67,69,73,,,,,,,1.52,0.80,1.29*1A
$GPGSV,5,1,17,10,48,257,38,12,24,154,24,15,32,057,20,18,17,351,25*74
$GPGSV,5,2,17,23,55,332,28,24,14,126,08,25,53,179,31,26,16,305,08*7E
$GPGSV,5,3,17,28,14,234,,29,46,041,26,31,02,257,,32,24,201,19*77
$GPGSV,5,4,17,36,52,277,33,40,85,352,,41,58,082,33,49,32,274,*7C
$GPGSV,5,5,17,50,10,089,*4A
$GLGSV,3,1,09,67,17,033,18,68,64,062,27,69,52,183,32,73,13,297,12*67
$GLGSV,3,2,09,79,25,179,12,80,41,243,25,81,04,078,,82,10,034,*69
$GLGSV,3,3,09,83,04,347,*53
$GNGLL,0419.83528,S,05539.63750,E,084611.00,A,D*60
$GNRMC,084612.00,A,0419.83527,S,05539.63752,E,0.096,,260525,,,D*7E
$GNVTG,,T,,M,0.096,N,0.178,K,D*39
$GNGGA,084612.00,0419.83527,S,05539.63752,E,2,12,0.82,12.7,M,-47.6,M,,0000*48
$GNGSA,A,3,25,23,12,15,10,29,18,32,26,41,,,1.59,0.82,1.36*1D
$GNGSA,A,3,68,79,80,67,69,,,,,,,,1.59,0.82,1.36*19
$GPGSV,5,1,17,10,48,257,37,12,24,154,23,15,32,057,21,18,17,351,26*7E
$GPGSV,5,2,17,23,55,332,28,24,14,126,,25,53,179,30,26,16,305,13*7D
$GPGSV,5,3,17,28,14,234,,29,46,041,26,31,02,257,,32,24,201,20*7D
$GPGSV,5,4,17,36,52,277,32,40,85,352,,41,58,082,33,49,32,274,*7D
$GPGSV,5,5,17,50,10,089,*4A
$GLGSV,3,1,09,67,17,033,18,68,64,062,28,69,52,183,32,73,13,297,*6B
$GLGSV,3,2,09,79,25,179,11,80,41,243,25,81,04,078,,82,10,034,*6A
$GLGSV,3,3,09,83,04,347,*53
$GNGLL,0419.83527,S,05539.63752,E,084612.00,A,D*6E
$GNRMC,084613.00,A,0419.83528,S,05539.63755,E,0.011,,260525,,,D*78
$GNVTG,,T,,M,0.011,N,0.020,K,D*3A
$GNGGA,084613.00,0419.83528,S,05539.63755,E,2,12,0.82,12.9,M,-47.6,M,,0000*4F
$GNGSA,A,3,25,23,12,15,10,29,18,32,26,41,,,1.59,0.82,1.36*1D
$GNGSA,A,3,68,80,67,69,,,,,,,,,1.59,0.82,1.36*17
$GPGSV,5,1,17,10,48,257,37,12,24,154,23,15,32,057,22,18,17,351,25*7E
$GPGSV,5,2,17,23,55,332,28,24,14,126,,25,53,179,30,26,16,305,16*78
$GPGSV,5,3,17,28,14,234,,29,46,041,27,31,02,257,,32,24,201,19*76
$GPGSV,5,4,17,36,52,277,32,40,85,352,,41,58,082,33,49,32,274,*7D
$GPGSV,5,5,17,50,10,089,*4A
$GLGSV,3,1,09,67,17,033,19,68,64,062,29,69,52,183,32,73,13,297,*6B
$GLGSV,3,2,09,79,25,179,08,80,41,243,25,81,04,078,,82,10,034,*62
$GLGSV,3,3,09,83,04,347,*53
$GNGLL,0419.83528,S,05539.63755,E,084613.00,A,D*67
$GNRMC,084614.00,A,0419.83530,S,05539.63756,E,0.039,,260525,,,D*7F
$GNVTG,,T,,M,0.039,N,0.073,K,D*36
$GNGGA,084614.00,0419.83530,S,05539.63756,E,2,12,0.74,12.5,M,-47.6,M,,0000*47
$GNGSA,A,3,25,23,12,15,10,29,18,32,26,41,,,1.47,0.74,1.27*1B
$GNGSA,A,3,68,80,67,69,,,,,,,,,1.47,0.74,1.27*11
$GPGSV,5,1,17,10,48,257,37,12,24,154,22,15,32,057,21,18,17,351,25*7C
$GPGSV,5,2,17,23,55,332,28,24,14,126,,25,53,179,31,26,16,305,17*78
$GPGSV,5,3,17,28,14,234,,29,46,041,27,31,02,257,,32,24,201,19*76
$GPGSV,5,4,17,36,52,277,31,40,85,352,,41,58,082,33,49,32,274,*7E
$GPGSV,5,5,17,50,10,089,*4A
$GLGSV,3,1,09,67,17,033,19,68,64,062,29,69,52,183,32,73,13,297,*6B
$GLGSV,3,2,09,79,25,179,08,80,41,243,25,81,04,078,,82,10,034,*62
$GLGSV,3,3,09,83,04,347,*53
$GNGLL,0419.83530,S,05539.63756,E,084614.00,A,D*6A
$GNRMC,084615.00,A,0419.83532,S,05539.63758,E,0.068,,260525,,,D*76
$GNVTG,,T,,M,0.068,N,0.126,K,D*33
$GNGGA,084615.00,0419.83532,S,05539.63758,E,2,12,0.74,12.8,M,-47.6,M,,0000*47
$GNGSA,A,3,25,23,12,15,10,29,18,32,26,41,,,1.47,0.74,1.27*1B
$GNGSA,A,3,68,80,67,69,,,,,,,,,1.47,0.74,1.27*11
$GPGSV,5,1,17,10,48,257,36,12,24,154,20,15,32,057,22,18,17,351,25*7C
$GPGSV,5,2,17,23,55,332,28,24,14,126,,25,53,179,30,26,16,305,16*78
$GPGSV,5,3,17,28,14,234,,29,46,041,28,31,02,257,,32,24,201,17*77
$GPGSV,5,4,17,36,52,277,31,40,85,352,,41,58,082,32,49,32,274,*7F
$GPGSV,5,5,17,50,10,089,*4A
$GLGSV,3,1,09,67,17,033,18,68,64,062,29,69,52,183,32,73,13,297,*6A
$GLGSV,3,2,09,79,25,179,08,80,41,243,24,81,04,078,,82,10,034,*63
$GLGSV,3,3,09,83,04,347,*53
$GNGLL,0419.83532,S,05539.63758,E,084615.00,A,D*67
$GNRMC,084616.00,A,0419.83537,S,05539.63759,E,0.050,,260525,,,D*7A
$GNVTG,,T,,M,0.050,N,0.093,K,D*37
$GNGGA,084616.00,0419.83537,S,05539.63759,E,2,12,0.71,12.7,M,-47.6,M,,0000*4A
$GNGSA,A,3,25,23,12,15,10,29,18,32,26,41,,,1.40,0.71,1.21*1F
$GNGSA,A,3,68,79,80,67,69,,,,,,,,1.40,0.71,1.21*1B
$GPGSV,5,1,17,10,48,257,36,12,24,154,20,15,32,057,22,18,17,351,26*7F
$GPGSV,5,2,17,23,55,332,28,24,14,126,,25,53,179,29,26,16,305,18*7E
$GPGSV,5,3,17,28,14,234,,29,46,041,28,31,02,257,,32,24,201,15*75
$GPGSV,5,4,17,36,52,277,30,40,85,352,,41,58,082,33,49,32,274,*7F
$GPGSV,5,5,17,50,10,089,*4A
$GLGSV,3,1,09,67,17,033,16,68,64,062,29,69,52,183,32,73,13,297,*64
$GLGSV,3,2,09,79,25,179,12,80,41,243,24,81,04,078,,82,10,034,*68
$GLGSV,3,3,09,83,04,347,*53
$GNGLL,0419.83537,S,05539.63759,E,084616.00,A,D*60
$GNRMC,084618.00,A,0419.83541,S,05539.63762,E,0.067,,260525,,,D*79
$GNVTG,,T,,M,0.067,N,0.125,K,D*3F
$GNGGA,084618.00,0419.83541,S,05539.63762,E,2,12,0.74,12.9,M,-47.6,M,,0000*46
$GNGSA,A,3,25,23,12,15,10,29,18,32,26,41,,,1.47,0.74,1.27*1B
$GNGSA,A,3,68,80,67,69,,,,,,,,,1.47,0.74,1.27*11
$GPGSV,5,1,17,10,48,257,36,12,24,154,23,15,32,057,21,18,17,351,26*7F
$GPGSV,5,2,17,23,55,332,31,24,14,126,,25,53,179,30,26,16,305,19*7F
$GPGSV,5,3,17,28,14,234,,29,46,041,30,31,02,257,12,32,24,201,16*7C
$GPGSV,5,4,17,36,52,277,32,40,85,352,,41,58,082,35,49,32,274,*7B
$GPGSV,5,5,17,50,10,089,*4A
$GLGSV,3,1,09,67,17,033,16,68,64,062,30,69,52,183,31,73,13,297,*6F
$GLGSV,3,2,09,79,25,179,,80,41,243,20,81,04,078,,82,10,034,*6F
$GLGSV,3,3,09,83,04,347,*53
$GNGLL,0419.83541,S,05539.63762,E,084618.00,A,D*67
$GNRMC,084620.00,A,0419.83549,S,05539.63763,E,0.149,,260525,,,D*76
$GNVTG,,T,,M,0.149,N,0.276,K,D*37
$GNGGA,084620.00,0419.83549,S,05539.63763,E,2,12,0.74,12.6,M,-47.6,M,,0000*4B
$GNGSA,A,3,25,23,12,15,10,29,18,32,26,41,,,1.47,0.74,1.27*1B
$GNGSA,A,3,68,80,67,69,,,,,,,,,1.47,0.74,1.27*11
$GPGSV,5,1,17,10,48,257,36,12,24,154,23,15,32,057,19,18,17,351,25*77
$GPGSV,5,2,17,23,55,332,30,24,14,126,07,25,53,179,30,26,16,305,19*79
$GPGSV,5,3,17,28,14,234,,29,46,041,31,31,02,257,09,32,24,201,12*73
$GPGSV,5,4,17,36,52,277,32,40,85,352,,41,58,082,35,49,32,274,*7B
$GPGSV,5,5,17,50,10,089,*4A
$GLGSV,3,1,09,67,17,033,17,68,64,062,30,69,52,183,31,73,13,297,*6E
$GLGSV,3,2,09,79,25,179,,80,41,243,20,81,04,078,,82,10,034,*6F
$GLGSV,3,3,09,83,04,347,*53
$GNGLL,0419.83549,S,05539.63763,E,084620.00,A,D*65
$GNRMC,084623.00,A,0419.83562,S,05539.63764,E,0.015,,260525,,,D*73
$GNVTG,,T,,M,0.015,N,0.028,K,D*36
$GNGGA,084623.00,0419.83562,S,05539.63764,E,2,12,0.79,11.9,M,-47.6,M,,0000*47
$GNGSA,A,3,25,23,12,15,10,29,18,26,41,,,,1.59,0.79,1.37*19
$GNGSA,A,3,68,80,67,69,,,,,,,,,1.59,0.79,1.37*12
$GPGSV,5,1,17,10,48,258,36,12,24,154,24,15,32,057,20,18,17,351,26*76
$GPGSV,5,2,17,23,55,332,31,24,14,126,13,25,53,179,30,26,16,305,21*76
$GPGSV,5,3,17,28,14,234,,29,46,041,29,31,02,257,,32,24,201,09*79
$GPGSV,5,4,17,36,52,277,31,40,85,352,,41,58,082,34,49,32,274,*79
$GPGSV,5,5,17,50,10,089,*4A
$GLGSV,3,1,09,67,17,033,16,68,64,062,31,69,52,183,31,73,13,297,*6E
$GLGSV,3,2,09,79,25,179,,80,41,243,22,81,04,078,,82,10,034,*6D
$GLGSV,3,3,09,83,04,347,*53
$GNGLL,0419.83562,S,05539.63764,E,084623.00,A,D*68
$GNRMC,084624.00,A,0419.83567,S,05539.63763,E,0.034,,260525,,,D*75
$GNVTG,,T,,M,0.034,N,0.063,K,D*3A
$GNGGA,084624.00,0419.83567,S,05539.63763,E,2,12,0.74,11.8,M,-47.6,M,,0000*4E
$GNGSA,A,3,25,23,12,15,10,29,18,24,32,26,41,,1.47,0.74,1.27*1D
$GNGSA,A,3,68,80,67,69,,,,,,,,,1.47,0.74,1.27*11
$GPGSV,5,1,17,10,48,258,36,12,24,154,25,15,32,057,21,18,17,351,26*76
$GPGSV,5,2,17,23,55,332,30,24,14,126,14,25,53,179,30,26,16,305,21*70
$GPGSV,5,3,17,28,14,234,,29,46,041,30,31,02,257,,32,24,201,09*71
$GPGSV,5,4,17,36,52,277,31,40,85,352,,41,58,082,34,49,32,274,*79
$GPGSV,5,5,17,50,10,089,*4A
$GLGSV,3,1,09,67,17,033,16,68,64,062,31,69,52,183,31,73,13,297,*6E
$GLGSV,3,2,09,79,25,179,,80,41,243,22,81,04,078,,82,10,034,*6D
$GLGSV,3,3,09,83,04,347,*53
$GNGLL,0419.83567,S,05539.63763,E,084624.00,A,D*6D
$GNRMC,084625.00,A,0419.83568,S,05539.63765,E,0.070,,260525,,,D*7D
$GNVTG,,T,,M,0.070,N,0.130,K,D*3D
$GNGGA,084625.00,0419.83568,S,05539.63765,E,2,12,0.74,12.1,M,-47.6,M,,0000*4C
$GNGSA,A,3,25,23,12,15,10,29,18,24,32,26,41,,1.47,0.74,1.27*1D
$GNGSA,A,3,68,80,67,69,,,,,,,,,1.47,0.74,1.27*11
$GPGSV,5,1,17,10,48,258,36,12,24,154,23,15,32,057,23,18,17,351,26*72
$GPGSV,5,2,17,23,55,332,29,24,14,126,14,25,53,179,30,26,16,305,21*78
$GPGSV,5,3,17,28,14,234,,29,46,041,30,31,02,257,,32,24,201,14*7D
$GPGSV,5,4,17,36,52,277,30,40,85,352,,41,58,082,34,49,32,274,*78
$GPGSV,5,5,17,50,10,089,*4A
$GLGSV,3,1,09,67,17,033,17,68,64,062,31,69,52,183,31,73,13,297,*6F
$GLGSV,3,2,09,79,25,179,,80,41,243,22,81,04,078,,82,10,034,*6D
$GLGSV,3,3,09,83,04,347,*53
$GNGLL,0419.83568,S,05539.63765,E,084625.00,A,D*65
$GNRMC,084627.00,A,0419.83579,S,05539.63769,E,0.156,,260525,,,D*76
$GNVTG,,T,,M,0.156,N,0.289,K,D*39
$GNGGA,084627.00,0419.83579,S,05539.63769,E,2,12,0.74,12.5,M,-47.6,M,,0000*46
$GNGSA,A,3,25,23,12,15,10,29,18,24,32,26,41,,1.47,0.74,1.27*1D
$GNGSA,A,3,68,80,67,69,,,,,,,,,1.47,0.74,1.27*11
$GPGSV,5,1,17,10,48,258,37,12,24,154,19,15,32,057,25,18,17,351,26*7C
$GPGSV,5,2,17,23,55,332,29,24,14,126,15,25,53,179,30,26,16,305,21*79
$GPGSV,5,3,17,28,14,234,,29,46,041,29,31,02,257,,32,24,201,11*70
$GPGSV,5,4,17,36,52,277,31,40,85,352,,41,58,082,34,49,32,274,*79
$GPGSV,5,5,17,50,10,089,*4A
$GLGSV,3,1,09,67,17,033,16,68,64,062,30,69,52,183,32,73,13,297,*6C
$GLGSV,3,2,09,79,25,179,,80,41,243,22,81,04,078,,82,10,034,*6D
$GLGSV,3,3,09,83,04,347,*53
$GNGLL,0419.83579,S,05539.63769,E,084627.00,A,D*6B
$GNRMC,084628.00,A,0419.83584,S,05539.63771,E,0.086,,260525,,,D*7E
$GNVTG,,T,,M,0.086,N,0.160,K,D*31
$GNGGA,084628.00,0419.83584,S,05539.63771,E,2,12,0.74,12.5,M,-47.6,M,,0000*42
$GNGSA,A,3,25,23,12,15,10,29,18,24,32,26,41,,1.47,0.74,1.27*1D
$GNGSA,A,3,68,80,67,69,,,,,,,,,1.47,0.74,1.27*11
$GPGSV,5,1,17,10,48,258,36,12,24,154,17,15,31,057,25,18,17,351,25*73
$GPGSV,5,2,17,23,55,332,28,24,14,126,15,25,53,179,29,26,16,305,22*73
$GPGSV,5,3,17,28,14,234,,29,46,041,30,31,02,257,16,32,24,201,13*7D
$GPGSV,5,4,17,36,52,277,31,40,85,352,,41,58,082,34,49,32,274,*79
$GPGSV,5,5,17,50,10,089,*4A
$GLGSV,3,1,09,67,17,033,12,68,64,062,30,69,52,183,32,73,13,297,*68
$GLGSV,3,2,09,79,25,179,18,80,41,243,22,81,04,078,,82,10,034,*64
$GLGSV,3,3,09,83,04,347,*53
$GNGLL,0419.83584,S,05539.63771,E,084628.00,A,D*6F
$GNRMC,084629.00,A,0419.83587,S,05539.63771,E,0.061,,260525,,,D*75
$GNVTG,,T,,M,0.061,N,0.113,K,D*3C
$GNGGA,084629.00,0419.83587,S,05539.63771,E,2,12,0.75,12.7,M,-47.6,M,,0000*43
$GNGSA,A,3,25,23,12,15,10,29,18,24,32,26,41,,1.44,0.75,1.23*1B
$GNGSA,A,3,68,80,69,,,,,,,,,,1.44,0.75,1.23*16
$GPGSV,5,1,17,10,48,258,36,12,24,154,19,15,31,057,25,18,17,351,24*7C
$GPGSV,5,2,17,23,55,332,27,24,14,126,15,25,53,179,29,26,16,305,22*7C
$GPGSV,5,3,17,28,14,234,,29,46,041,30,31,02,257,16,32,24,201,10*7E
$GPGSV,5,4,17,36,52,277,32,40,85,352,,41,58,082,34,49,32,274,*7A
$GPGSV,5,5,17,50,10,089,*4A
$GLGSV,3,1,09,67,17,033,09,68,64,062,30,69,52,183,31,73,13,297,17*67
$GLGSV,3,2,09,79,25,179,18,80,41,243,23,81,04,078,,82,10,034,*65
$GLGSV,3,3,09,83,04,347,*53
$GNGLL,0419.83587,S,05539.63771,E,084629.00,A,D*6D
$GNRMC,084630.00,A,0419.83589,S,05539.63771,E,0.036,,260525,,,D*71
$GNVTG,,T,,M,0.036,N,0.067,K,D*3C
$GNGGA,084630.00,0419.83589,S,05539.63771,E,2,12,0.78,12.9,M,-47.6,M,,0000*46
$GNGSA,A,3,25,23,12,15,10,29,18,24,32,26,41,,1.59,0.78,1.39*11
$GNGSA,A,3,68,80,69,,,,,,,,,,1.59,0.78,1.39*1C
$GPGSV,5,1,17,10,48,258,36,12,24,154,21,15,31,057,25,18,17,351,24*77
$GPGSV,5,2,17,23,55,332,27,24,14,126,15,25,53,179,30,26,16,305,21*77
$GPGSV,5,3,17,28,14,234,,29,46,041,29,31,02,257,15,32,24,201,17*72
$GPGSV,5,4,17,36,52,277,32,40,85,352,,41,58,082,34,49,32,274,*7A
$GPGSV,5,5,17,50,10,089,*4A
$GLGSV,3,1,09,67,17,033,08,68,64,062,30,69,52,183,31,73,13,297,18*69
$GLGSV,3,2,09,79,25,179,18,80,41,243,25,81,04,078,,82,10,034,*63
$GLGSV,3,3,09,83,04,347,*53
$GNGLL,0419.83589,S,05539.63771,E,084630.00,A,D*6B
$GNRMC,084631.00,A,0419.83590,S,05539.63773,E,0.033,,260525,,,D*7F
$GNVTG,,T,,M,0.033,N,0.060,K,D*3E
$GNGGA,084631.00,0419.83590,S,05539.63773,E,2,12,0.71,13.2,M,-47.6,M,,0000*4E
$GNGSA,A,3,25,23,12,15,10,29,18,24,32,26,41,,1.40,0.71,1.21*19
$GNGSA,A,3,68,79,80,67,69,,,,,,,,1.40,0.71,1.21*1B
$GPGSV,5,1,17,10,48,258,36,12,24,154,22,15,31,057,25,18,17,352,23*70
$GPGSV,5,2,17,23,55,332,27,24,14,126,15,25,53,179,30,26,16,305,22*74
$GPGSV,5,3,17,28,14,234,,29,46,041,29,31,02,257,14,32,24,201,15*71
$GPGSV,5,4,17,36,52,277,31,40,85,352,,41,58,082,33,49,32,274,*7E
$GPGSV,5,5,17,50,10,089,*4A
$GLGSV,3,1,09,67,17,033,08,68,64,062,30,69,52,183,31,73,13,297,20*62
$GLGSV,3,2,09,79,25,179,17,80,41,243,26,81,04,078,,82,10,034,*6F
$GLGSV,3,3,09,83,04,347,*53
$GNGLL,0419.83590,S,05539.63773,E,084631.00,A,D*60
$GPGSV,5,1,17,10,48,258,37,12,24,154,23,15,31,057,25,18,17,352,23*70
$GPGSV,5,2,17,23,55,332,27,24,14,126,,25,53,179,32,26,16,305,22*72
$GPGSV,5,3,17,28,14,234,,29,46,041,30,31,02,257,13,32,24,201,04*7E
$GPGSV,5,4,17,36,52,277,31,40,85,352,,41,58,082,34,49,32,274,*79
$GPGSV,5,5,17,50,10,089,*4A
$GLGSV,3,1,09,67,17,033,07,68,64,062,29,69,52,183,31,73,13,297,19*6F
$GLGSV,3,2,09,79,25,179,17,80,41,243,26,81,04,078,,82,10,034,*6F
$GLGSV,3,3,09,83,04,347,*53
$GNGLL,0419.83590,S,05539.63775,E,084632.00,A,D*65
$GNGSA,A,3,25,23,12,15,10,29,18,26,41,,,,1.38,0.70,1.19*1B
$GNGSA,A,3,68,79,80,67,69,73,,,,,,,1.38,0.70,1.19*1A
$GPGSV,5,1,17,10,48,258,35,12,24,154,22,15,31,057,24,18,17,352,22*73
$GPGSV,5,2,17,23,55,332,26,24,14,126,,25,53,179,31,26,16,305,21*73
$GPGSV,5,3,17,28,14,234,13,29,46,041,29,31,02,257,10,32,24,201,06*75
$GPGSV,5,4,17,36,52,277,29,40,85,352,,41,58,082,33,49,32,274,*77
$GPGSV,5,5,17,50,10,089,*4A
$GLGSV,3,1,09,67,17,033,09,68,64,062,29,69,52,183,31,73,13,297,19*61
$GLGSV,3,2,09,79,25,179,16,80,41,243,26,81,04,078,,82,10,034,*6E
$GLGSV,3,3,09,83,04,347,*53
$GNGLL,0419.83591,S,05539.63779,E,084633.00,A,D*69
$GNRMC,084634.00,A,0419.83590,S,05539.63781,E,0.081,,260525,,,D*7E
$GNVTG,,T,,M,0.081,N,0.149,K,D*3D
$GNGGA,084634.00,0419.83590,S,05539.63781,E,2,12,0.70,14.4,M,-47.6,M,,0000*46
$GNGSA,A,3,25,23,12,15,10,29,18,26,41,,,,1.38,0.70,1.19*1B
$GNGSA,A,3,68,79,80,67,69,73,,,,,,,1.38,0.70,1.19*1A
$GPGSV,5,1,17,10,48,258,37,12,24,154,21,15,31,057,25,18,17,352,22*73
$GPGSV,5,2,17,23,55,332,27,24,14,126,05,25,53,179,32,26,16,305,21*74
$GPGSV,5,3,17,28,14,234,13,29,46,041,29,31,02,257,,32,24,201,09*7B
$GPGSV,5,4,17,36,52,277,30,40,85,352,,41,58,082,34,49,32,274,*78
$GPGSV,5,5,17,50,10,089,*4A
$GLGSV,3,1,09,67,17,033,10,68,64,062,29,69,52,183,31,73,13,297,19*69
$GLGSV,3,2,09,79,25,179,17,80,41,243,25,81,04,078,,82,10,034,*6C
$GLGSV,3,3,09,83,04,347,*53
$GNGLL,0419.83590,S,05539.63781,E,084634.00,A,D*68
$GLGSV,3,1,09,67,17,033,13,68,64,062,29,69,52,183,31,73,13,297,21*61
$GLGSV,3,2,09,79,25,179,16,80,41,243,26,81,04,078,,82,10,034,*6E
$GLGSV,3,3,09,83,04,347,*53
$GNGLL,0419.83594,S,05539.63784,E,084635.00,A,D*68
$GNRMC,084637.00,A,0419.83597,S,05539.63786,E,0.024,,260525,,,D*72
$GNVTG,,T,,M,0.024,N,0.045,K,D*3F
$GNGGA,084637.00,0419.83597,S,05539.63786,E,2,12,0.67,15.4,M,-47.6,M,,0000*42
$GNGSA,A,3,25,23,12,15,10,29,18,28,32,26,41,,1.34,0.67,1.16*15
$GNGSA,A,3,68,79,80,67,69,73,,,,,,,1.34,0.67,1.16*1F
$GNRMC,084638.00,A,0419.83598,S,05539.63786,E,0.070,,260525,,,D*73
$GNVTG,,T,,M,0.070,N,0.130,K,D*3D
$GNGGA,084638.00,0419.83598,S,05539.63786,E,2,12,0.65,15.8,M,-47.6,M,,0000*4C
$GNGSA,A,3,25,23,12,15,10,29,18,24,28,32,26,41,1.27,0.65,1.09*1D
$GNGSA,A,3,68,79,80,67,69,73,,,,,,,1.27,0.65,1.09*11
$GPGSV,5,1,17,10,48,258,39,12,24,154,20,15,31,057,26,18,17,352,23*7E
$GPGSV,5,2,17,23,54,332,29,24,14,125,16,25,53,179,33,26,16,305,22*78
$GPGSV,5,3,17,28,14,234,15,29,46,041,27,31,02,257,,32,24,201,14*7F
$GPGSV,5,4,17,36,52,277,32,40,85,352,,41,58,082,34,49,32,274,*7A
$GPGSV,5,5,17,50,10,089,*4A
$GLGSV,3,1,09,67,17,033,11,68,64,062,30,69,52,183,31,73,13,297,22*68
$GLGSV,3,2,09,79,25,179,19,80,41,243,24,81,04,078,,82,10,034,*63
$GLGSV,3,3,09,83,04,347,*53
$GNGLL,0419.83598,S,05539.63786,E,084638.00,A,D*6B
$GNRMC,084643.00,A,0419.83601,S,05539.63797,E,0.111,,260525,,,D*7A
$GNVTG,,T,,M,0.111,N,0.206,K,D*3D
$GNGGA,084643.00,0419.83601,S,05539.63797,E,2,12,0.62,17.8,M,-47.6,M,,0000*46
$GNGSA,A,3,25,23,12,15,10,29,18,24,28,32,26,41,1.21,0.62,1.04*11
$GNGSA,A,3,68,79,80,67,69,73,,,,,,,1.21,0.62,1.04*1D
$GPGSV,5,1,17,10,48,258,37,12,24,154,22,15,31,057,26,18,17,352,20*71
$GPGSV,5,2,17,23,54,332,26,24,14,125,13,25,53,179,33,26,16,305,21*71
$GPGSV,5,3,17,28,14,234,18,29,47,042,26,31,02,256,,32,24,201,17*73
$GPGSV,5,4,17,36,52,277,31,40,85,352,,41,58,082,33,49,32,274,*7E
$GPGSV,5,5,17,50,10,089,*4A
$GLGSV,3,1,09,67,17,033,09,68,64,062,29,69,52,183,32,73,13,297,22*6A
$GLGSV,3,2,09,79,25,179,20,80,41,243,22,81,04,078,,82,10,034,*6F
$GLGSV,3,3,09,83,04,347,*53
$GNGLL,0419.83601,S,05539.63797,E,084643.00,A,D*64
$GNRMC,084644.00,A,0419.83605,S,05539.63800,E,0.086,,260525,,,D*77
$GNVTG,,T,,M,0.086,N,0.160,K,D*31
$GNGGA,084644.00,0419.83605,S,05539.63800,E,2,12,0.68,18.1,M,-47.6,M,,0000*48
$GNGSA,A,3,25,23,12,15,10,29,18,24,28,32,26,41,1.30,0.68,1.11*1F
$GNGSA,A,3,68,79,80,67,69,73,,,,,,,1.30,0.68,1.11*13
$GPGSV,5,1,17,10,48,258,36,12,24,154,22,15,31,057,26,18,17,352,19*7A
$GPGSV,5,2,17,23,54,332,25,24,14,125,12,25,53,179,33,26,16,305,20*72
$GPGSV,5,3,17,28,14,234,13,29,47,042,27,31,02,256,,32,25,201,12*7D
$GPGSV,5,4,17,36,52,277,30,40,85,352,,41,58,082,33,49,32,274,*7F
$GPGSV,5,5,17,50,10,089,*4A
$GLGSV,3,1,09,67,17,033,11,68,64,062,29,69,52,183,31,73,13,297,22*60
$GLGSV,3,2,09,79,25,179,19,80,41,243,23,81,04,078,,82,10,034,*64
$GLGSV,3,3,09,83,04,347,*53
$GNGLL,0419.83605,S,05539.63800,E,084644.00,A,D*66
$GNRMC,084647.00,A,0419.83607,S,05539.63789,E,0.021,,260525,,,D*75
$GNVTG,,T,,M,0.021,N,0.040,K,D*3F
$GNGGA,084647.00,0419.83607,S,05539.63789,E,2,12,0.64,18.3,M,-47.6,M,,0000*49
$GNGSA,A,3,25,23,12,15,10,29,18,24,28,32,26,41,1.22,0.64,1.04*14
$GNGSA,A,3,68,79,80,67,69,73,,,,,,,1.22,0.64,1.04*18
$GPGSV,5,1,17,10,48,258,36,12,24,154,22,15,31,057,26,18,17,352,16*75
$GPGSV,5,2,17,23,54,332,22,24,14,125,13,25,53,179,32,26,16,305,19*7F
$GPGSV,5,3,17,28,14,234,18,29,47,042,30,31,02,256,,32,25,201,16*74
$GPGSV,5,4,17,36,52,277,30,40,85,352,,41,58,082,33,49,32,274,*7F
$GPGSV,5,5,17,50,10,089,*4A
$GLGSV,3,1,09,67,17,033,10,68,64,062,29,69,52,183,31,73,13,297,22*61
$GLGSV,3,2,09,79,25,179,18,80,41,243,25,81,04,078,,82,10,034,*63
$GLGSV,3,3,09,83,04,347,*53
$GNGLL,0419.83607,S,05539.63789,E,084647.00,A,D*69
$GNRMC,084648.00,A,0419.83605,S,05539.63786,E,0.179,,260525,,,D*7B
$GNVTG,,T,,M,0.179,N,0.332,K,D*35
$GNGGA,084648.00,0419.83605,S,05539.63786,E,2,12,0.59,18.3,M,-47.6,M,,0000*45
$GNGSA,A,3,25,23,12,15,10,29,18,24,28,32,26,41,1.17,0.59,1.01*19
$GNGSA,A,3,68,79,80,67,69,73,,,,,,,1.17,0.59,1.01*15
$GPGSV,5,1,17,10,48,258,37,12,24,154,23,15,31,057,25,18,17,352,15*75
$GPGSV,5,2,17,23,54,332,23,24,14,125,14,25,53,179,33,26,16,305,18*79
$GPGSV,5,3,17,28,14,234,18,29,47,042,30,31,02,256,,32,25,201,15*77
$GPGSV,5,4,17,36,52,277,30,40,85,352,,41,58,082,33,49,32,274,*7F
$GPGSV,5,5,17,50,10,089,*4A
$GLGSV,3,1,09,67,17,033,12,68,64,062,29,69,52,183,32,73,13,297,21*63
$GLGSV,3,2,09,79,25,179,18,80,41,243,24,81,04,078,,82,10,034,*62
$GLGSV,3,3,09,83,04,347,*53
$GNGLL,0419.83605,S,05539.63786,E,084648.00,A,D*6B
$GNRMC,084650.00,A,0419.83596,S,05539.63785,E,0.133,,260525,,,D*76
$GNVTG,,T,,M,0.133,N,0.246,K,D*39
$GNGGA,084650.00,0419.83596,S,05539.63785,E,2,12,0.65,19.4,M,-47.6,M,,0000*4F
$GNGSA,A,3,25,23,12,15,10,29,18,24,28,32,26,41,1.24,0.65,1.06*11
$GNGSA,A,3,68,79,80,67,69,73,,,,,,,1.24,0.65,1.06*1D
$GPGSV,5,1,17,10,48,258,36,12,24,154,23,15,31,057,26,18,17,352,15*77
$GPGSV,5,2,17,23,54,332,22,24,14,125,14,25,53,179,33,26,16,305,20*73
$GPGSV,5,3,17,28,14,234,19,29,47,042,30,31,02,256,,32,25,201,08*7A
$GPGSV,5,4,17,36,52,277,31,40,85,352,,41,58,082,34,49,32,274,*79
$GPGSV,5,5,17,50,10,089,*4A
$GLGSV,3,1,09,67,17,033,14,68,64,062,28,69,52,183,32,73,13,297,22*67
$GLGSV,3,2,09,79,25,179,19,80,41,243,21,81,04,078,,82,10,034,*66
$GLGSV,3,3,09,83,04,347,*53
$GNGLL,0419.83596,S,05539.63785,E,084650.00,A,D*68
$GNRMC,084651.00,A,0419.83596,S,05539.63787,E,0.102,,260525,,,D*77
$GNVTG,,T,,M,0.102,N,0.189,K,D*3B
$GNGGA,084651.00,0419.83596,S,05539.63787,E,2,12,0.59,19.9,M,-47.6,M,,0000*4E
$GNGSA,A,3,25,23,12,15,10,29,18,24,28,32,26,41,1.17,0.59,1.01*19
$GNGSA,A,3,68,79,80,67,69,73,,,,,,,1.17,0.59,1.01*15
$GPGSV,5,1,17,10,48,258,37,12,24,154,23,15,31,057,26,18,17,352,14*77
$GPGSV,5,2,17,23,54,332,22,24,14,125,13,25,53,179,33,26,16,305,20*74
$GPGSV,5,3,17,28,14,234,19,29,47,042,30,31,02,256,,32,25,201,10*73
$GPGSV,5,4,17,36,52,277,31,40,85,352,,41,58,082,34,49,32,274,*79
$GPGSV,5,5,17,50,10,089,*4A
$GLGSV,3,1,09,67,17,033,13,68,64,062,28,69,52,183,32,73,13,297,22*60
$GLGSV,3,2,09,79,25,179,19,80,41,243,21,81,04,078,,82,10,034,*66
$GLGSV,3,3,09,83,04,347,17*55
$GNGLL,0419.83596,S,05539.63787,E,084651.00,A,D*6B
$GNRMC,084654.00,A,0419.83586,S,05539.63791,E,0.071,,260525,,,D*71
$GNVTG,,T,,M,0.071,N,0.132,K,D*3E
$GNGGA,084654.00,0419.83586,S,05539.63791,E,2,12,0.59,21.2,M,-47.6,M,,0000*4D
$GNGSA,A,3,25,23,12,15,10,29,18,24,28,32,26,41,1.17,0.59,1.01*19
$GNGSA,A,3,68,79,80,67,69,73,,,,,,,1.17,0.59,1.01*15
$GPGSV,5,1,17,10,48,258,37,12,24,154,24,15,31,057,26,18,17,352,16*72
$GPGSV,5,2,17,23,54,332,19,24,14,125,15,25,53,179,34,26,16,305,17*79
$GPGSV,5,3,17,28,14,234,20,29,47,042,31,31,02,256,17,32,25,201,11*7F
$GPGSV,5,4,17,36,52,277,32,40,85,352,,41,58,082,34,49,32,274,*7A
$GPGSV,5,5,17,50,10,089,*4A
$GLGSV,3,1,09,67,17,033,09,68,64,062,28,69,52,183,34,73,13,297,20*6F
$GLGSV,3,2,09,79,25,179,19,80,41,243,21,81,04,078,,82,10,034,*66
$GLGSV,3,3,09,83,04,347,12*50
$GNGLL,0419.83586,S,05539.63791,E,084654.00,A,D*68
$GLGSV,3,2,09,79,25,179,18,80,41,243,21,81,04,078,,82,10,034,*67
$GLGSV,3,3,09,83,04,347,13*51
$GNGLL,0419.83583,S,05539.63794,E,084655.00,A,D*69
$GNRMC,084657.00,A,0419.83579,S,05539.63805,E,0.021,,260525,,,D*75
$GNVTG,,T,,M,0.021,N,0.040,K,D*3F
$GNGGA,084657.00,0419.83579,S,05539.63805,E,2,12,0.59,22.2,M,-47.6,M,,0000*4F
$GNGSA,A,3,25,23,12,15,10,29,18,24,28,32,26,41,1.17,0.59,1.01*19
$GNGSA,A,3,68,79,80,67,69,73,,,,,,,1.17,0.59,1.01*15
$GPGSV,5,1,17,10,48,258,37,12,24,154,22,15,31,057,26,18,17,352,14*76
$GPGSV,5,2,17,23,54,332,20,24,14,125,14,25,53,179,34,26,16,305,19*7C
$GPGSV,5,3,17,28,14,234,20,29,47,042,32,31,02,256,17,32,25,201,10*7D
$GPGSV,5,4,17,36,52,277,32,40,85,352,,41,58,082,35,49,32,274,*7B
$GPGSV,5,5,17,50,10,089,*4A
$GLGSV,3,1,09,67,17,033,10,68,64,062,27,69,52,183,34,73,13,297,21*69
$GLGSV,3,2,09,79,25,179,16,80,41,243,20,81,04,078,,82,10,034,*68
$GLGSV,3,3,09,83,04,347,16*54
$GNGLL,0419.83579,S,05539.63805,E,084657.00,A,D*69
$GNRMC,084659.00,A,0419.83574,S,05539.63820,E,0.093,,260525,,,D*78
$GNVTG,,T,,M,0.093,N,0.171,K,D*35
$GNGGA,084659.00,0419.83574,S,05539.63820,E,2,12,0.64,22.7,M,-47.6,M,,0000*40
$GNGSA,A,3,25,23,12,15,10,29,24,28,32,26,41,,1.22,0.64,1.04*1D
$GNGSA,A,3,68,79,80,67,69,73,,,,,,,1.22,0.64,1.04*18
$GPGSV,5,1,17,10,48,258,37,12,24,154,20,15,31,057,26,18,17,352,11*71
$GPGSV,5,2,17,23,54,332,20,24,14,125,14,25,53,179,35,26,16,305,20*77
$GPGSV,5,3,17,28,14,234,19,29,47,042,32,31,02,256,16,32,25,201,10*76
$GPGSV,5,4,17,36,52,277,32,40,85,352,,41,58,082,34,49,32,274,*7A
$GPGSV,5,5,17,50,10,089,*4A
$GLGSV,3,1,09,67,17,033,10,68,64,062,28,69,52,183,34,73,13,297,19*6D
$GLGSV,3,2,09,79,25,179,14,80,41,243,16,81,04,078,,82,10,034,*6F
$GLGSV,3,3,09,83,04,347,17*55
$GNGLL,0419.83574,S,05539.63820,E,084659.00,A,D*6D
$GNRMC,084701.00,A,0419.83568,S,05539.63829,E,0.076,,260525,,,D*7B
$GNVTG,,T,,M,0.076,N,0.141,K,D*3D
$GNGGA,084701.00,0419.83568,S,05539.63829,E,2,12,0.59,22.8,M,-47.6,M,,0000*49
$GNGSA,A,3,25,23,12,15,10,29,18,24,28,32,26,41,1.17,0.59,1.01*19
$GNGSA,A,3,68,79,80,67,69,73,,,,,,,1.17,0.59,1.01*15
$GPGSV,5,1,17,10,48,258,38,12,24,154,19,15,31,057,27,18,17,352,12*76
$GPGSV,5,2,17,23,54,332,17,24,14,125,13,25,53,179,35,26,16,305,19*7E
$GPGSV,5,3,17,28,14,234,17,29,47,042,33,31,02,256,17,32,25,201,10*78
$GPGSV,5,4,17,36,52,277,31,40,85,352,,41,58,082,34,49,32,274,*79
$GPGSV,5,5,17,50,10,089,*4A
$GLGSV,3,1,09,67,17,033,11,68,64,062,28,69,52,183,35,73,13,297,20*67
$GLGSV,3,2,09,79,25,179,14,80,41,243,19,81,04,078,,82,10,034,*60
$GLGSV,3,3,09,83,04,347,18*5A
$GNGLL,0419.83568,S,05539.63829,E,084701.00,A,D*65
$GNRMC,084703.00,A,0419.83567,S,05539.63836,E,0.041,,260525,,,D*7C
$GNVTG,,T,,M,0.041,N,0.076,K,D*3C
$GNGGA,084703.00,0419.83567,S,05539.63836,E,2,12,0.61,22.7,M,-47.6,M,,0000*4E
$GNGSA,A,3,25,23,12,15,10,29,18,24,28,32,26,41,1.19,0.61,1.02*1F
$GNGSA,A,3,68,80,67,69,73,,,,,,,,1.19,0.61,1.02*1D
$GNRMC,084710.00,A,0419.83577,S,05539.63840,E,0.155,,260525,,,D*7A
$GNVTG,,T,,M,0.155,N,0.287,K,D*34
$GNGGA,084710.00,0419.83577,S,05539.63840,E,2,12,0.71,22.5,M,-47.6,M,,0000*4F
$GNGSA,A,3,25,23,12,15,10,29,18,28,32,26,41,,1.41,0.71,1.22*17
$GNGSA,A,3,68,80,67,69,73,,,,,,,,1.41,0.71,1.22*13
$GPGSV,5,1,17,10,48,258,39,12,24,154,21,15,31,057,25,18,17,352,18*74
$GPGSV,5,2,17,23,54,332,20,24,14,125,,25,53,179,33,26,16,305,22*76
$GPGSV,5,3,17,28,14,234,11,29,47,042,34,31,02,256,,32,25,201,10*7F
$GPGSV,5,4,17,36,52,277,32,40,85,352,,41,58,082,33,49,32,274,*7D
$GPGSV,5,5,17,50,10,089,*4A
$GLGSV,3,1,09,67,17,033,09,68,63,061,29,69,53,183,36,73,13,297,17*6D
$GLGSV,3,2,09,79,25,179,,80,41,243,24,81,04,078,,82,10,034,*6B
$GLGSV,3,3,09,83,04,347,16*54
$GNGLL,0419.83577,S,05539.63840,E,084710.00,A,D*64
$GNRMC,084711.00,A,0419.83582,S,05539.63842,E,0.069,,260525,,,D*7D
$GNVTG,,T,,M,0.069,N,0.128,K,D*3C
$GNGGA,084711.00,0419.83582,S,05539.63842,E,2,12,0.76,22.3,M,-47.6,M,,0000*47
$GNGSA,A,3,25,23,12,15,10,29,18,28,32,26,41,,1.50,0.76,1.29*1B
$GNGSA,A,3,68,80,67,69,73,,,,,,,,1.50,0.76,1.29*1F
$GPGSV,5,1,17,10,48,258,39,12,24,154,20,15,31,057,25,18,17,352,18*75
$GPGSV,5,2,17,23,54,332,21,24,14,125,,25,53,179,32,26,16,305,22*76
$GPGSV,5,3,17,28,14,234,12,29,47,042,32,31,02,256,,32,25,201,12*78
$GPGSV,5,4,17,36,52,277,31,40,85,352,,41,58,082,33,49,32,274,*7E
$GPGSV,5,5,17,50,10,089,*4A
$GLGSV,3,1,09,67,17,033,07,68,63,061,29,69,53,183,35,73,13,297,17*60
$GLGSV,3,2,09,79,25,179,,80,41,243,23,81,04,078,,82,10,034,*6C
$GLGSV,3,3,09,83,04,347,17*55
$GNGLL,0419.83582,S,05539.63842,E,084711.00,A,D*6D
$GPGSV,5,5,17,50,10,089,*4A
$GLGSV,3,1,09,67,17,033,09,68,63,061,30,69,53,183,36,73,13,297,18*6A
$GLGSV,3,2,09,79,25,179,,80,41,243,22,81,04,078,,82,10,034,*6D
$GLGSV,3,3,09,83,04,347,15*57
$GNGLL,0419.83586,S,05539.63842,E,084712.00,A,D*6A
$GNRMC,084713.00,A,0419.83594,S,05539.63845,E,0.166,,260525,,,D*71
$GNVTG,,T,,M,0.166,N,0.308,K,D*32
$GNGGA,084713.00,0419.83594,S,05539.63845,E,2,12,0.71,21.8,M,-47.6,M,,0000*4A
$GNGSA,A,3,25,23,12,15,10,29,18,28,32,26,41,,1.41,0.71,1.22*17
$GNGSA,A,3,68,80,67,69,73,,,,,,,,1.41,0.71,1.22*13
$GPGSV,5,1,17,10,48,258,37,12,24,154,17,15,31,057,26,18,17,352,23*74
$GPGSV,5,2,17,23,54,332,21,24,14,125,,25,53,179,32,26,16,305,21*75
$GPGSV,5,3,17,28,14,234,09,29,47,042,32,31,02,256,,32,25,201,17*77
$GNRMC,084714.00,A,0419.83606,S,05539.63846,E,0.204,,260525,,,D*7A
$GNVTG,,T,,M,0.204,N,0.377,K,D*3D
$GNGGA,084714.00,0419.83606,S,05539.63846,E,2,12,0.80,21.4,M,-47.6,M,,0000*44
$GNGSA,A,3,25,23,12,15,10,29,18,28,32,26,41,,1.60,0.80,1.39*10
$GNGSA,A,3,68,80,67,69,73,,,,,,,,1.60,0.80,1.39*14
$GPGSV,5,1,17,10,48,258,37,12,24,154,15,15,31,057,25,18,17,352,26*70
$GPGSV,5,2,17,23,54,332,22,24,14,125,,25,53,179,31,26,16,305,18*7F
$GPGSV,5,3,17,28,14,234,10,29,47,042,33,31,02,256,,32,25,201,12*7B
$GPGSV,5,4,17,36,52,277,31,40,85,352,,41,58,082,33,49,32,274,*7E
$GPGSV,5,5,17,50,10,089,*4A
$GLGSV,3,1,09,67,17,033,10,68,63,061,31,69,53,183,34,73,13,296,16*6E
$GLGSV,3,2,09,79,25,179,,80,41,243,23,81,04,078,,82,10,034,*6C
$GLGSV,3,3,09,83,04,347,15*57
$GNGLL,0419.83606,S,05539.63846,E,084714.00,A,D*63
$GNRMC,084715.00,A,0419.83616,S,05539.63848,E,0.169,,260525,,,D*7C
$GNVTG,,T,,M,0.169,N,0.313,K,D*37
$GNGGA,084715.00,0419.83616,S,05539.63848,E,2,12,0.71,21.1,M,-47.6,M,,0000*41
$GNGSA,A,3,25,23,12,15,10,29,18,28,32,26,41,,1.41,0.71,1.22*17
$GNGSA,A,3,68,80,67,69,73,,,,,,,,1.41,0.71,1.22*13
$GPGSV,5,1,17,10,48,258,38,12,24,154,15,15,31,057,25,18,17,352,26*7F
$GPGSV,5,2,17,23,54,332,23,24,14,125,,25,53,179,32,26,16,305,15*70
$GPGSV,5,3,17,28,14,234,10,29,47,042,34,31,02,256,,32,25,201,12*7C
$GPGSV,5,4,17,36,52,277,32,40,85,352,,41,58,082,32,49,32,274,*7C
$GPGSV,5,5,17,50,10,089,*4A
$GLGSV,3,1,09,67,17,033,12,68,63,061,32,69,53,183,34,73,13,296,12*6B
$GLGSV,3,2,09,79,25,179,,80,41,243,22,81,04,078,,82,10,034,*6D
$GLGSV,3,3,09,83,04,347,16*54
$GNGLL,0419.83616,S,05539.63848,E,084715.00,A,D*6D
$GNRMC,084716.00,A,0419.83624,S,05539.63845,E,0.049,,260525,,,D*70
$GNVTG,,T,,M,0.049,N,0.090,K,D*3C
$GNGGA,084716.00,0419.83624,S,05539.63845,E,2,12,0.71,21.0,M,-47.6,M,,0000*4F
$GNGSA,A,3,25,23,12,15,10,29,18,28,32,26,41,,1.41,0.71,1.22*17
$GNGSA,A,3,68,80,67,69,73,,,,,,,,1.41,0.71,1.22*13
$GPGSV,5,1,17,10,48,258,38,12,24,154,16,15,31,057,25,18,17,352,25*7F
$GPGSV,5,2,17,23,54,332,22,24,14,125,,25,53,179,31,26,16,305,15*72
$GPGSV,5,3,17,28,14,234,15,29,47,042,34,31,02,256,,32,25,201,18*73
$GPGSV,5,4,17,36,52,277,31,40,85,352,,41,58,082,32,49,32,274,*7F
$GPGSV,5,5,17,50,10,089,*4A
$GLGSV,3,1,09,67,17,033,09,68,63,061,32,69,53,183,33,73,13,296,16*62
$GLGSV,3,2,09,79,25,179,,80,41,243,21,81,04,078,,82,10,034,*6E
$GLGSV,3,3,09,83,04,347,15*57
$GNGLL,0419.83624,S,05539.63845,E,084716.00,A,D*62
$GNRMC,084717.00,A,0419.83631,S,05539.63841,E,0.056,,260525,,,D*7F
$GNVTG,,T,,M,0.056,N,0.104,K,D*3E
$GNGGA,084717.00,0419.83631,S,05539.63841,E,2,12,0.76,20.7,M,-47.6,M,,0000*4F
$GNGSA,A,3,25,23,12,15,10,29,18,28,32,26,41,,1.48,0.76,1.27*1C
$GNGSA,A,3,68,80,67,69,73,,,,,,,,1.48,0.76,1.27*18
$GPGSV,5,1,17,10,48,258,38,12,24,154,19,15,31,057,26,18,17,352,25*73
$GPGSV,5,2,17,23,54,332,19,24,14,125,,25,53,179,31,26,16,305,14*7B
$GPGSV,5,3,17,28,14,234,07,29,47,042,34,31,02,256,,32,25,201,14*7C
$GPGSV,5,4,17,36,52,277,32,40,85,352,,41,58,082,32,49,32,274,*7C
$GPGSV,5,5,17,50,10,089,*4A
$GLGSV,3,1,09,67,17,033,10,68,63,061,31,69,53,183,33,73,13,296,20*6C
$GLGSV,3,2,09,79,25,179,,80,41,243,22,81,04,078,,82,10,034,*6D
$GLGSV,3,3,09,83,04,347,13*51
$GNGLL,0419.83631,S,05539.63841,E,084717.00,A,D*63
$GNRMC,084718.00,A,0419.83637,S,05539.63837,E,0.081,,260525,,,D*7D
$GNVTG,,T,,M,0.081,N,0.151,K,D*34
$GNGGA,084718.00,0419.83637,S,05539.63837,E,2,12,0.74,20.2,M,-47.6,M,,0000*40
$GNGSA,A,3,25,23,12,15,10,29,18,28,32,26,41,,1.45,0.74,1.24*10
$GNGSA,A,3,68,80,67,69,73,,,,,,,,1.45,0.74,1.24*14
$GPGSV,5,1,17,10,48,258,38,12,24,154,21,15,31,057,26,18,17,352,25*78
$GPGSV,5,2,17,23,54,332,16,24,14,125,,25,53,179,31,26,16,305,15*75
$GPGSV,5,3,17,28,14,234,07,29,47,042,34,31,02,256,,32,25,201,15*7D
$GPGSV,5,4,17,36,52,277,33,40,85,352,,41,58,082,33,49,32,274,*7C
$GPGSV,5,5,17,50,10,089,*4A
$GLGSV,3,1,09,67,17,033,09,68,63,061,31,69,53,183,34,73,13,296,20*63
$GLGSV,3,2,09,79,25,179,,80,41,243,23,81,04,078,,82,10,034,*6C
$GLGSV,3,3,09,83,04,347,09*5A
$GNGLL,0419.83637,S,05539.63837,E,084718.00,A,D*6B
$GNRMC,084719.00,A,0419.83640,S,05539.63832,E,0.087,,260525,,,D*7F
$GNVTG,,T,,M,0.087,N,0.161,K,D*31
$GNGGA,084719.00,0419.83640,S,05539.63832,E,2,12,0.71,19.9,M,-47.6,M,,0000*40
$GNGSA,A,3,25,23,12,15,10,29,18,28,32,26,41,,1.41,0.71,1.22*17
$GNGSA,A,3,68,80,67,69,73,,,,,,,,1.41,0.71,1.22*13
$GPGSV,5,1,17,10,48,258,38,12,24,154,22,15,31,057,25,18,17,352,25*78
$GPGSV,5,2,17,23,54,332,21,24,14,125,,25,53,179,33,26,16,305,15*73
$GPGSV,5,3,17,28,14,234,13,29,47,042,34,31,02,256,,32,25,201,15*78
$GPGSV,5,4,17,36,52,277,33,40,85,352,,41,58,082,34,49,32,274,*7B
$GPGSV,5,5,17,50,10,089,*4A
$GLGSV,3,1,09,67,17,033,08,68,63,061,31,69,53,183,35,73,13,296,19*69
$GLGSV,3,2,09,79,24,179,,80,41,243,25,81,04,078,,82,10,034,*6B
$GLGSV,3,3,09,83,04,347,13*51
$GNGLL,0419.83640,S,05539.63832,E,084719.00,A,D*6F
$GPGSV,5,4,17,36,52,277,33,40,85,352,,41,58,082,34,49,32,274,*7B
$GPGSV,5,5,17,50,10,089,*4A
$GLGSV,3,1,09,67,17,033,11,68,63,061,32,69,53,183,33,73,13,296,18*65
$GLGSV,3,2,09,79,24,179,,80,41,242,26,81,04,078,,82,10,034,*69
$GLGSV,3,3,09,83,04,347,16*54
$GNGLL,0419.83643,S,05539.63827,E,084720.00,A,D*62
$GNRMC,084721.00,A,0419.83652,S,05539.63826,E,0.175,,260525,,,D*7E
$GNVTG,,T,,M,0.175,N,0.325,K,D*3F
$GNGGA,084721.00,0419.83652,S,05539.63826,E,2,12,0.71,19.7,M,-47.6,M,,0000*43
$GNGSA,A,3,25,23,12,15,10,29,18,28,32,26,41,,1.41,0.71,1.22*17
$GNGSA,A,3,68,80,67,69,73,,,,,,,,1.41,0.71,1.22*13
$GPGSV,5,1,17,10,48,258,38,12,24,154,21,15,31,057,24,18,17,352,19*75
$GPGSV,5,2,17,23,54,332,21,24,14,125,,25,53,179,33,26,16,305,19*7F
$GPGSV,5,3,17,28,14,234,15,29,47,042,33,31,02,256,,32,25,201,13*7F
$GPGSV,5,4,17,36,52,277,33,40,85,352,,41,58,082,34,49,32,274,*7B
$GPGSV,5,5,17,50,10,089,*4A
$GLGSV,3,1,09,67,17,033,11,68,63,061,31,69,53,183,33,73,13,296,16*68
$GLGSV,3,2,09,79,24,179,,80,41,242,25,81,04,078,,82,10,034,*6A
$GLGSV,3,3,09,83,04,347,20*51
$GNGLL,0419.83652,S,05539.63826,E,084721.00,A,D*62
$GNRMC,084722.00,A,0419.83659,S,05539.63820,E,0.255,,260525,,,D*71
$GNVTG,,T,,M,0.255,N,0.473,K,D*3A
$GNGGA,084722.00,0419.83659,S,05539.63820,E,2,12,0.71,19.7,M,-47.6,M,,0000*4D
$GNGSA,A,3,25,23,12,15,10,29,18,28,32,26,41,,1.41,0.71,1.22*17
$GNGSA,A,3,68,80,67,69,73,,,,,,,,1.41,0.71,1.22*13
$GPGSV,5,1,17,10,48,258,37,12,24,154,19,15,31,057,23,18,17,352,16*79
$GPGSV,5,2,17,23,54,332,20,24,14,125,,25,53,179,34,26,16,305,17*77
$GPGSV,5,3,17,28,14,234,14,29,47,042,33,31,02,256,,32,25,201,12*7F
$GPGSV,5,4,17,36,52,277,35,40,85,352,,41,58,082,35,49,32,274,*7C
$GPGSV,5,5,17,50,10,089,*4A
$GLGSV,3,1,09,67,17,033,10,68,63,061,32,69,53,183,34,73,13,296,17*6C
$GLGSV,3,2,09,79,24,179,,80,41,242,25,81,04,078,,82,10,035,*6B
$GLGSV,3,3,09,83,04,347,18*5A
$GNGLL,0419.83659,S,05539.63820,E,084722.00,A,D*6C
$GNRMC,084724.00,A,0419.83670,S,05539.63809,E,0.142,,260525,,,D*72
$GNVTG,,T,,M,0.142,N,0.264,K,D*3F
$GNGGA,084724.00,0419.83670,S,05539.63809,E,2,12,0.71,18.4,M,-47.6,M,,0000*49
$GNGSA,A,3,25,23,12,15,10,29,18,28,32,26,41,,1.41,0.71,1.22*17
$GNGSA,A,3,68,80,67,69,73,,,,,,,,1.41,0.71,1.22*13
$GPGSV,5,1,17,10,48,258,36,12,24,154,19,15,31,057,24,18,17,352,19*70
$GPGSV,5,2,17,23,54,332,23,24,14,125,14,25,53,179,34,26,16,305,12*74
$GPGSV,5,3,17,28,14,234,09,29,47,042,29,31,02,256,,32,25,201,16*7C
$GPGSV,5,4,17,36,52,277,30,40,85,352,,41,58,082,31,49,32,274,*7D
$GPGSV,5,5,17,50,10,089,*4A
$GLGSV,3,1,09,67,17,033,11,68,63,061,30,69,53,183,33,73,13,296,18*67
$GLGSV,3,2,09,79,24,179,,80,41,242,24,81,04,078,,82,10,035,*6A
$GLGSV,3,3,09,83,04,348,14*59
$GNGLL,0419.83670,S,05539.63809,E,084724.00,A,D*6A
$GNRMC,084725.00,A,0419.83671,S,05539.63803,E,0.115,,260525,,,D*7A
$GNVTG,,T,,M,0.115,N,0.213,K,D*3D
$GNGGA,084725.00,0419.83671,S,05539.63803,E,2,12,0.71,18.2,M,-47.6,M,,0000*45
$GNGSA,A,3,25,23,12,15,10,29,18,28,32,26,41,,1.41,0.71,1.22*17
$GNGSA,A,3,68,80,67,69,73,,,,,,,,1.41,0.71,1.22*13
$GPGSV,5,1,17,10,48,258,33,12,24,154,21,15,31,057,26,18,17,352,18*7D
$GPGSV,5,2,17,23,54,332,24,24,14,125,13,25,53,179,34,26,16,305,14*72
$GPGSV,5,3,17,28,14,234,10,29,47,042,31,31,02,256,,32,25,201,17*7C
$GPGSV,5,4,17,36,52,277,30,40,85,352,,41,58,082,36,49,32,274,*7A
$GPGSV,5,5,17,50,10,089,*4A
$GLGSV,3,1,09,67,17,033,08,68,63,061,31,69,53,183,32,73,13,296,18*6F
$GLGSV,3,2,09,79,24,179,,80,41,242,24,81,04,078,,82,10,035,*6A
$GLGSV,3,3,09,83,04,348,12*5F
$GNGLL,0419.83671,S,05539.63803,E,084725.00,A,D*60
$GNRMC,084726.00,A,0419.83674,S,05539.63802,E,0.041,,260525,,,D*7D
$GNVTG,,T,,M,0.041,N,0.076,K,D*3C
$GNGGA,084726.00,0419.83674,S,05539.63802,E,2,12,0.69,18.3,M,-47.6,M,,0000*4A
$GNGSA,A,3,25,23,12,15,10,29,18,28,32,26,41,,1.34,0.69,1.15*18
$GNGSA,A,3,68,80,67,69,73,,,,,,,,1.34,0.69,1.15*1C
$GPGSV,5,1,17,10,48,258,33,12,24,154,21,15,31,057,26,18,17,352,17*72
$GPGSV,5,2,17,23,54,332,25,24,14,125,13,25,53,179,31,26,16,305,19*7B
$GPGSV,5,3,17,28,14,234,10,29,47,042,29,31,02,256,,32,25,201,16*74
$GPGSV,5,4,17,36,52,277,29,40,85,352,,41,58,082,32,49,32,274,*76
$GPGSV,5,5,17,50,10,089,*4A
$GLGSV,3,1,09,67,17,033,07,68,63,061,26,69,53,183,27,73,13,296,19*63
$GLGSV,3,2,09,79,24,179,,80,41,242,23,81,04,078,,82,10,035,*6D
$GLGSV,3,3,09,83,04,348,09*55
$GNGLL,0419.83674,S,05539.63802,E,084726.00,A,D*67
$GNRMC,084727.00,A,0419.83676,S,05539.63807,E,0.058,,260525,,,D*73
$GNVTG,,T,,M,0.058,N,0.108,K,D*3C
$GNGGA,084727.00,0419.83676,S,05539.63807,E,2,12,0.75,17.8,M,-47.6,M,,0000*45
$GNGSA,A,3,25,23,12,15,10,29,18,28,32,26,41,,1.53,0.75,1.33*10
$GNGSA,A,3,68,80,67,69,73,,,,,,,,1.53,0.75,1.33*14
$GPGSV,5,1,17,10,48,258,34,12,24,154,21,15,31,057,24,18,17,352,17*77
$GPGSV,5,2,17,23,54,332,23,24,14,125,12,25,53,179,30,26,16,305,19*7D
$GPGSV,5,3,17,28,14,234,11,29,47,042,30,31,02,256,,32,25,201,14*7F
$GPGSV,5,4,17,36,52,277,30,40,85,352,,41,58,082,34,49,32,274,*78
$GPGSV,5,5,17,50,10,089,*4A
$GLGSV,3,1,09,67,17,033,11,68,63,061,30,69,53,183,28,73,13,296,19*6C
$GLGSV,3,2,09,79,24,179,,80,41,242,21,81,04,078,,82,10,035,*6F
$GLGSV,3,3,09,83,04,348,10*5D
$GNGLL,0419.83676,S,05539.63807,E,084727.00,A,D*61
$GNRMC,084728.00,A,0419.83682,S,05539.63810,E,0.102,,260525,,,D*7F
$GNVTG,,T,,M,0.102,N,0.189,K,D*3B
$GNGGA,084728.00,0419.83682,S,05539.63810,E,2,12,0.66,17.4,M,-47.6,M,,0000*49
$GNGSA,A,3,25,23,12,15,10,29,18,24,28,32,26,41,1.31,0.66,1.13*12
$GNGSA,A,3,68,80,67,69,73,,,,,,,,1.31,0.66,1.13*10
$GPGSV,5,1,17,10,48,258,37,12,24,154,19,15,31,057,23,18,17,352,16*79
$GPGSV,5,2,17,23,54,332,21,24,14,125,11,25,53,179,31,26,16,305,17*73
$GPGSV,5,3,17,28,14,234,11,29,47,042,30,31,02,256,,32,25,201,12*79
$GPGSV,5,4,17,36,52,277,31,40,85,352,,41,58,082,34,49,32,274,*79
$GPGSV,5,5,17,50,10,089,*4A
$GLGSV,3,1,09,67,17,033,09,68,63,061,30,69,53,183,30,73,13,296,18*6D
$GLGSV,3,2,09,79,24,179,,80,41,242,21,81,04,078,,82,10,035,*6F
$GLGSV,3,3,09,83,04,348,09*55
$GNGLL,0419.83682,S,05539.63810,E,084728.00,A,D*63
$GNRMC,084729.00,A,0419.83688,S,05539.63818,E,0.056,,260525,,,D*7C
$GNVTG,,T,,M,0.056,N,0.105,K,D*3F
$GNGGA,084729.00,0419.83688,S,05539.63818,E,2,12,0.70,16.6,M,-47.6,M,,0000*4E
$GNGSA,A,3,25,23,12,15,10,29,18,24,28,26,41,,1.36,0.70,1.17*17
$GNGSA,A,3,68,80,67,69,73,,,,,,,,1.36,0.70,1.17*14
$GPGSV,5,1,17,10,48,258,38,12,24,154,20,15,31,057,24,18,17,352,16*7B
$GPGSV,5,2,17,23,54,332,20,24,14,125,10,25,53,179,33,26,16,305,17*71
$GPGSV,5,3,17,28,14,234,10,29,47,042,32,31,02,256,,32,25,201,09*70
$GPGSV,5,4,17,36,52,277,32,40,85,352,,41,58,082,34,49,32,274,*7A
$GPGSV,5,5,17,50,10,089,*4A
$GLGSV,3,1,09,67,17,033,12,68,63,061,30,69,53,183,30,73,13,296,14*6B
$GLGSV,3,2,09,79,24,179,,80,41,242,21,81,04,078,,82,10,035,*6F
$GLGSV,3,3,09,83,04,348,09*55
$GNGLL,0419.83688,S,05539.63818,E,084729.00,A,D*60
$GNRMC,084731.00,A,0419.83706,S,05539.63823,E,0.138,,260525,,,D*73
$GNVTG,,T,,M,0.138,N,0.256,K,D*33
$GNGGA,084731.00,0419.83706,S,05539.63823,E,2,12,0.66,15.6,M,-47.6,M,,0000*4C
$GNGSA,A,3,25,23,12,15,10,29,18,24,28,32,26,41,1.31,0.66,1.13*12
$GNGSA,A,3,68,80,67,69,73,,,,,,,,1.31,0.66,1.13*10
$GPGSV,5,1,17,10,48,258,39,12,24,154,19,15,31,057,25,18,17,352,20*74
$GPGSV,5,2,17,23,54,332,15,24,14,125,11,25,53,179,34,26,16,305,20*75
$GPGSV,5,3,17,28,14,234,09,29,47,042,33,31,02,256,,32,25,201,08*78
$GPGSV,5,4,17,36,52,277,34,40,85,352,,41,58,082,34,49,32,274,*7C
$GPGSV,5,5,17,50,10,089,*4A
$GLGSV,3,1,09,67,17,033,10,68,63,061,34,69,53,183,32,73,13,296,11*6A
$GLGSV,3,2,09,79,24,179,,80,41,242,23,81,04,078,,82,10,035,*6D
$GLGSV,3,3,09,83,04,348,13*5E
$GNGLL,0419.83706,S,05539.63823,E,084731.00,A,D*66
$GNRMC,084732.00,A,0419.83711,S,05539.63824,E,0.044,,260525,,,D*7B
$GNVTG,,T,,M,0.044,N,0.081,K,D*31
$GNGGA,084732.00,0419.83711,S,05539.63824,E,2,12,0.79,15.4,M,-47.6,M,,0000*42
$GNGSA,A,3,25,23,12,15,10,29,18,28,32,26,41,,1.63,0.79,1.43*18
$GNGSA,A,3,68,80,67,69,73,,,,,,,,1.63,0.79,1.43*1C
$GPGSV,5,1,17,10,48,258,39,12,24,154,19,15,31,057,24,18,17,352,23*76
$GPGSV,5,2,17,23,54,332,13,24,14,125,09,25,53,179,34,26,16,305,20*7A
$GPGSV,5,3,17,28,14,234,10,29,47,042,33,31,02,256,,32,25,201,12*7B
$GPGSV,5,4,17,36,52,277,34,40,85,352,,41,58,082,34,49,32,274,*7C
$GPGSV,5,5,17,50,10,089,*4A
$GLGSV,3,1,09,67,17,033,12,68,63,061,33,69,53,183,32,73,13,296,10*6E
$GLGSV,3,2,09,79,24,179,,80,41,242,23,81,04,078,,82,10,035,*6D
$GLGSV,3,3,09,83,04,348,13*5E
$GNGLL,0419.83711,S,05539.63824,E,084732.00,A,D*64
$GNRMC,084736.00,A,0419.83741,S,05539.63857,E,0.097,,260525,,,D*70
$GNVTG,,T,,M,0.097,N,0.180,K,D*3F
$GNGGA,084736.00,0419.83741,S,05539.63857,E,2,12,0.64,12.9,M,-47.6,M,,0000*41
$GNGSA,A,3,25,23,12,15,10,29,18,24,28,32,26,41,1.24,0.64,1.07*11
$GNGSA,A,3,68,80,67,69,73,,,,,,,,1.24,0.64,1.07*13
$GPGSV,5,1,17,10,48,258,40,12,24,154,16,15,31,057,24,18,17,352,24*70
$GPGSV,5,2,17,23,54,332,11,24,14,125,15,25,53,179,35,26,16,305,21*75
$GPGSV,5,3,17,28,14,234,08,29,47,042,31,31,02,256,,32,25,201,11*73
$GPGSV,5,4,17,36,52,277,34,40,85,352,,41,58,082,34,49,32,274,*7C
$GPGSV,5,5,17,50,10,089,*4A
$GLGSV,3,1,09,67,17,033,08,68,63,061,33,69,53,183,31,73,13,296,14*62
$GLGSV,3,2,09,79,24,179,,80,41,242,23,81,04,078,,82,10,035,*6D
$GLGSV,3,3,09,83,04,348,10*5D
$GNGLL,0419.83741,S,05539.63857,E,084736.00,A,D*61
$GNRMC,084738.00,A,0419.83760,S,05539.63873,E,0.139,,260525,,,D*7E
$GNVTG,,T,,M,0.139,N,0.258,K,D*3C
$GNGGA,084738.00,0419.83760,S,05539.63873,E,2,12,0.69,11.8,M,-47.6,M,,0000*45
$GNGSA,A,3,25,23,12,15,10,29,18,24,28,32,26,41,1.36,0.69,1.17*1E
$GNGSA,A,3,68,80,67,69,73,,,,,,,,1.36,0.69,1.17*1C
$GPGSV,5,1,17,10,48,259,40,12,24,154,13,15,31,057,23,18,17,352,27*70
$GPGSV,5,2,17,23,54,332,20,24,14,125,15,25,53,179,35,26,16,305,21*77
$GPGSV,5,3,17,28,14,234,10,29,47,042,30,31,02,256,,32,25,201,10*7A
$GPGSV,5,4,17,36,52,277,34,40,85,352,,41,58,082,34,49,32,274,*7C
$GPGSV,5,5,17,50,10,089,*4A
$GLGSV,3,1,09,67,17,033,15,68,63,061,33,69,53,183,32,73,13,296,13*6A
$GLGSV,3,2,09,79,24,179,,80,41,242,25,81,04,078,,82,10,035,*6B
$GLGSV,3,3,09,83,04,348,14*59
$GNGLL,0419.83760,S,05539.63873,E,084738.00,A,D*6A
$GNRMC,084739.00,A,0419.83772,S,05539.63881,E,0.185,,260525,,,D*76
$GNVTG,,T,,M,0.185,N,0.343,K,D*30
$GNGGA,084739.00,0419.83772,S,05539.63881,E,2,12,0.71,11.3,M,-47.6,M,,0000*48
$GNGSA,A,3,25,23,12,15,10,29,18,24,28,32,26,41,1.39,0.71,1.20*1C
$GNGSA,A,3,68,80,67,69,73,,,,,,,,1.39,0.71,1.20*1E
$GPGSV,5,1,17,10,48,259,40,12,24,154,15,15,31,057,24,18,17,352,27*71
$GPGSV,5,2,17,23,54,332,22,24,14,125,14,25,53,179,34,26,16,305,22*76
$GPGSV,5,3,17,28,14,234,10,29,47,042,28,31,02,256,,32,25,201,19*7A
$GPGSV,5,4,17,36,52,277,34,40,85,352,,41,58,082,33,49,32,274,*7B
$GPGSV,5,5,17,50,10,089,*4A
$GLGSV,3,1,09,67,17,033,11,68,63,061,33,69,53,183,32,73,13,296,13*6E
$GLGSV,3,2,09,79,24,179,,80,41,242,25,81,04,078,,82,10,035,*6B
$GLGSV,3,3,09,83,04,348,17*5A
$GNGLL,0419.83772,S,05539.63881,E,084739.00,A,D*65
$GNRMC,084740.00,A,0419.83784,S,05539.63886,E,0.197,,260525,,,D*75
$GNVTG,,T,,M,0.197,N,0.365,K,D*37
$GNGGA,084740.00,0419.83784,S,05539.63886,E,2,12,0.68,11.4,M,-47.6,M,,0000*47
$GNGSA,A,3,25,23,12,15,10,29,18,24,28,32,26,41,1.31,0.68,1.11*1E
$GNGSA,A,3,68,80,67,69,73,,,,,,,,1.31,0.68,1.11*1C
$GPGSV,5,1,17,10,48,259,40,12,23,154,15,15,31,057,24,18,17,352,27*76
$GPGSV,5,2,17,23,54,332,23,24,14,125,14,25,53,179,34,26,16,305,22*77
$GPGSV,5,3,17,28,14,234,12,29,47,042,28,31,02,256,,32,25,201,15*74
$GPGSV,5,4,17,36,52,277,34,40,85,352,,41,58,082,34,49,32,274,*7C
$GPGSV,5,5,17,50,10,089,*4A
$GLGSV,3,1,09,67,17,033,10,68,63,061,33,69,53,183,32,73,13,296,15*69
$GLGSV,3,2,09,79,24,179,,80,41,242,25,81,04,078,,82,10,035,*6B
$GLGSV,3,3,09,83,04,348,16*5B
$GNGLL,0419.83784,S,05539.63886,E,084740.00,A,D*65
$GNRMC,084741.00,A,0419.83798,S,05539.63896,E,0.282,,260525,,,D*7F
$GNVTG,,T,,M,0.282,N,0.522,K,D*35
$GNGGA,084741.00,0419.83798,S,05539.63896,E,2,12,0.69,11.1,M,-47.6,M,,0000*4E
$GNGSA,A,3,25,23,12,15,10,29,18,24,28,32,26,41,1.30,0.69,1.11*1E
$GNGSA,A,3,68,80,67,69,73,,,,,,,,1.30,0.69,1.11*1C
$GPGSV,5,1,17,10,48,259,41,12,23,154,11,15,31,057,23,18,17,352,26*75
$GPGSV,5,2,17,23,54,332,23,24,14,125,15,25,53,179,34,26,16,305,21*75
$GPGSV,5,3,17,28,14,234,10,29,47,042,27,31,02,256,,32,25,201,10*7C
$GPGSV,5,4,17,36,52,277,33,40,85,352,,41,58,082,34,49,32,274,*7B
$GPGSV,5,5,17,50,10,089,*4A
$GLGSV,3,1,09,67,17,033,13,68,63,061,33,69,53,183,31,73,13,296,17*6B
$GLGSV,3,2,09,79,24,179,,80,41,242,26,81,04,078,,82,10,035,*68
$GLGSV,3,3,09,83,04,348,09*55
$GNGLL,0419.83798,S,05539.63896,E,084741.00,A,D*68
$GNRMC,084743.00,A,0419.83819,S,05539.63904,E,0.012,,260525,,,D*7A
$GNVTG,,T,,M,0.012,N,0.022,K,D*3B
$GNGGA,084743.00,0419.83819,S,05539.63904,E,2,12,0.94,10.0,M,-47.6,M,,0000*42
$GNGSA,A,3,25,23,12,15,10,29,18,28,32,26,41,,1.90,0.94,1.65*13
$GNGSA,A,3,68,80,67,69,73,,,,,,,,1.90,0.94,1.65*17
$GPGSV,5,1,17,10,48,259,40,12,23,154,11,15,31,056,21,18,17,352,27*76
$GPGSV,5,2,17,23,54,332,23,24,14,125,10,25,53,179,34,26,16,305,20*71
$GPGSV,5,3,17,28,14,234,19,29,47,042,26,31,02,256,,32,25,201,13*77
$GPGSV,5,4,17,36,52,277,33,40,85,352,,41,58,082,34,49,32,274,*7B
$GPGSV,5,5,17,50,10,089,*4A
$GLGSV,3,1,09,67,17,033,17,68,63,061,34,69,53,183,31,73,13,296,12*6D
$GLGSV,3,2,09,79,24,179,19,80,41,242,26,81,04,078,,82,10,035,*60
$GLGSV,3,3,09,83,04,348,14*59
$GNGLL,0419.83819,S,05539.63904,E,084743.00,A,D*66
$GNRMC,084744.00,A,0419.83828,S,05539.63907,E,0.107,,260525,,,D*79
$GNVTG,,T,,M,0.107,N,0.197,K,D*31
$GNGGA,084744.00,0419.83828,S,05539.63907,E,2,12,0.70,9.4,M,-47.6,M,,0000*72
$GNGSA,A,3,25,23,12,15,10,29,18,24,28,32,26,41,1.38,0.70,1.19*16
$GNGSA,A,3,68,80,69,,,,,,,,,,1.38,0.70,1.19*11
$GPGSV,5,1,17,10,48,259,40,12,23,154,10,15,31,056,22,18,17,352,24*77
$GPGSV,5,2,17,23,54,332,22,24,14,125,08,25,53,179,34,26,16,305,20*79
$GPGSV,5,3,17,28,14,234,15,29,47,042,26,31,02,256,,32,25,201,20*7B
$GPGSV,5,4,17,36,52,277,33,40,85,352,,41,58,082,34,49,32,274,*7B
$GPGSV,5,5,17,50,10,089,*4A
$GLGSV,3,1,09,67,17,033,07,68,63,061,33,69,53,183,30,73,13,296,10*68
$GLGSV,3,2,09,79,24,179,18,80,41,242,26,81,04,078,,82,10,035,*61
$GLGSV,3,3,09,83,04,348,18*55
$GNGLL,0419.83828,S,05539.63907,E,084744.00,A,D*60
$GNRMC,084745.00,A,0419.83841,S,05539.63911,E,0.169,,260525,,,D*78
$GNVTG,,T,,M,0.169,N,0.314,K,D*30
$GNGGA,084745.00,0419.83841,S,05539.63911,E,2,12,0.67,8.6,M,-47.6,M,,0000*7E
$GNGSA,A,3,25,23,12,15,10,29,18,24,28,32,26,41,1.30,0.67,1.12*13
$GNGSA,A,3,68,80,69,,,,,,,,,,1.30,0.67,1.12*14
$GPGSV,5,1,17,10,48,259,40,12,23,154,10,15,31,056,22,18,17,352,22*71
$GPGSV,5,2,17,23,54,332,20,24,14,125,11,25,53,179,35,26,16,305,19*78
$GPGSV,5,3,17,28,14,234,18,29,47,042,26,31,02,256,,32,25,201,18*7D
$GPGSV,5,4,17,36,52,277,33,40,85,352,,41,58,082,33,49,32,274,*7C
$GPGSV,5,5,17,50,10,089,*4A
$GLGSV,3,1,09,67,17,033,08,68,63,061,33,69,53,183,31,73,13,296,*67
$GLGSV,3,2,09,79,24,179,16,80,41,242,25,81,04,078,,82,10,035,*6C
$GLGSV,3,3,09,83,04,348,20*5E
$GNGLL,0419.83841,S,05539.63911,E,084745.00,A,D*69
$GNRMC,084746.00,A,0419.83852,S,05539.63916,E,0.088,,260525,,,D*70
$GNVTG,,T,,M,0.088,N,0.163,K,D*3C
$GNGGA,084746.00,0419.83852,S,05539.63916,E,2,12,0.64,7.6,M,-47.6,M,,0000*74
$GNGSA,A,3,25,23,12,15,10,29,18,24,28,32,26,41,1.23,0.64,1.05*14
$GNGSA,A,3,68,79,80,67,69,,,,,,,,1.23,0.64,1.05*1C
$GPGSV,5,1,17,10,48,259,39,12,23,154,14,15,31,056,21,18,17,353,20*7B
$GPGSV,5,2,17,23,54,332,19,24,14,125,13,25,53,179,35,26,16,305,21*7B
$GPGSV,5,3,17,28,14,234,19,29,47,042,26,31,02,256,,32,25,201,19*7D
$GPGSV,5,4,17,36,52,277,33,40,85,352,,41,58,082,33,49,32,274,*7C
$GPGSV,5,5,17,50,10,089,*4A
$GLGSV,3,1,09,67,17,033,13,68,63,061,33,69,53,183,30,73,13,296,*6C
$GLGSV,3,2,09,79,24,179,17,80,41,242,25,81,04,078,,82,10,035,*6D
$GLGSV,3,3,09,83,04,348,21*5F
$GNGLL,0419.83852,S,05539.63916,E,084746.00,A,D*6F
$GNRMC,084749.00,A,0419.83875,S,05539.63940,E,0.149,,260525,,,D*75
$GNVTG,,T,,M,0.149,N,0.276,K,D*37
$GNGGA,084749.00,0419.83875,S,05539.63940,E,2,12,0.72,4.0,M,-47.6,M,,0000*7F
$GNGSA,A,3,25,23,12,15,10,29,18,24,28,32,26,41,1.40,0.72,1.21*10
$GNGSA,A,3,68,79,80,67,69,,,,,,,,1.40,0.72,1.21*18
$GPGSV,5,1,17,10,48,259,37,12,23,154,14,15,31,056,24,18,17,353,19*7A
$GPGSV,5,2,17,23,54,332,19,24,14,125,14,25,53,179,33,26,16,305,21*7A
$GPGSV,5,3,17,28,14,234,18,29,47,042,26,31,02,256,,32,25,201,18*7D
$GPGSV,5,4,17,36,52,277,34,40,85,352,,41,58,082,33,49,32,274,*7B
$GPGSV,5,5,17,50,10,089,*4A
$GLGSV,3,1,09,67,17,033,16,68,63,061,32,69,53,183,29,73,13,296,*60
$GLGSV,3,2,09,79,24,179,21,80,41,242,24,81,04,078,,82,10,035,*69
$GLGSV,3,3,09,83,04,348,21*5F
$GNGLL,0419.83875,S,05539.63940,E,084749.00,A,D*66
$GNRMC,084750.00,A,0419.83883,S,05539.63943,E,0.077,,260525,,,D*7B
$GNVTG,,T,,M,0.077,N,0.143,K,D*3E
$GNGGA,084750.00,0419.83883,S,05539.63943,E,2,12,0.62,3.2,M,-47.6,M,,0000*79
$GNGSA,A,3,25,23,12,15,10,29,18,24,28,32,26,41,1.21,0.62,1.04*11
$GNGSA,A,3,68,79,80,67,69,,,,,,,,1.21,0.62,1.04*19
$GPGSV,5,1,17,10,48,259,37,12,23,154,16,15,31,056,22,18,17,353,18*7F
$GPGSV,5,2,17,23,54,333,20,24,14,125,12,25,53,179,29,26,16,305,21*7C
$GPGSV,5,3,17,28,14,234,16,29,47,042,26,31,02,256,,32,25,201,16*7D
$GPGSV,5,4,17,36,52,277,30,40,85,352,,41,58,082,29,49,32,274,*74
$GPGSV,5,5,17,50,10,089,*4A
$GLGSV,3,1,09,67,17,033,13,68,63,061,27,69,53,183,24,73,13,296,*6C
$GLGSV,3,2,09,79,24,179,17,80,41,242,20,81,04,078,,82,10,035,*68
$GLGSV,3,3,09,83,04,348,18*55
$GNGLL,0419.83883,S,05539.63943,E,084750.00,A,D*64
$GNRMC,084751.00,A,0419.83890,S,05539.63945,E,0.055,,260525,,,D*7E
$GNVTG,,T,,M,0.055,N,0.102,K,D*3B
$GNGGA,084751.00,0419.83890,S,05539.63945,E,2,12,0.68,2.5,M,-47.6,M,,0000*70
$GNGSA,A,3,25,23,12,15,10,29,18,24,28,32,26,41,1.32,0.68,1.13*1F
$GNGSA,A,3,68,79,80,67,69,,,,,,,,1.32,0.68,1.13*17
$GPGSV,5,1,17,10,48,259,37,12,23,154,12,15,31,056,23,18,17,353,20*71
$GPGSV,5,2,17,23,54,333,25,24,14,124,12,25,53,179,31,26,16,305,23*73
$GPGSV,5,3,17,28,14,234,14,29,47,042,27,31,02,256,,32,25,201,16*7E
$GPGSV,5,4,17,36,52,277,30,40,85,352,,41,58,082,33,49,32,274,*7F
$GPGSV,5,5,17,50,10,089,*4A
$GLGSV,3,1,09,67,17,033,14,68,63,061,31,69,53,183,31,73,13,296,*68
$GLGSV,3,2,09,79,24,179,16,80,41,242,20,81,04,078,,82,10,035,*69
$GLGSV,3,3,09,83,04,348,17*5A
$GNGLL,0419.83890,S,05539.63945,E,084751.00,A,D*61
$GNRMC,084754.00,A,0419.83911,S,05539.63955,E,0.055,,260525,,,D*72
$GNVTG,,T,,M,0.055,N,0.102,K,D*3B
$GNGGA,084754.00,0419.83911,S,05539.63955,E,2,12,0.68,0.0,M,-47.6,M,,0000*7B
$GNGSA,A,3,25,23,12,15,10,29,18,24,28,32,26,41,1.32,0.68,1.13*1F
$GNGSA,A,3,68,79,80,67,69,,,,,,,,1.32,0.68,1.13*17
$GPGSV,5,1,17,10,48,259,35,12,23,154,12,15,31,056,27,18,17,353,20*77
$GPGSV,5,2,17,23,54,333,24,24,14,124,12,25,52,178,31,26,16,304,24*74
$GPGSV,5,3,17,28,14,234,14,29,47,042,26,31,02,256,12,32,25,201,21*78
$GPGSV,5,4,17,36,52,277,32,40,85,352,,41,58,082,34,49,32,274,*7A
$GPGSV,5,5,17,50,10,089,*4A
$GLGSV,3,1,09,67,17,033,18,68,63,061,31,69,53,183,30,73,13,296,09*6C
$GLGSV,3,2,09,79,24,179,20,80,41,242,21,81,04,078,,82,10,035,*6D
$GLGSV,3,3,09,83,04,348,12*5F
$GNGLL,0419.83911,S,05539.63955,E,084754.00,A,D*6D
$GNRMC,084755.00,A,0419.83918,S,05539.63962,E,0.226,,260525,,,D*78
$GNVTG,,T,,M,0.226,N,0.419,K,D*32
$GNGGA,084755.00,0419.83918,S,05539.63962,E,2,12,0.68,-0.5,M,-47.6,M,,0000*5F
$GNGSA,A,3,25,23,12,15,10,29,18,24,28,32,26,41,1.32,0.68,1.13*1F
$GNGSA,A,3,68,79,80,67,69,,,,,,,,1.32,0.68,1.13*17
$GPGSV,5,1,17,10,48,259,33,12,23,154,15,15,31,056,27,18,17,353,19*7C
$GPGSV,5,2,17,23,54,333,22,24,14,124,12,25,52,178,31,26,16,304,23*75
$GPGSV,5,3,17,28,14,233,15,29,47,042,25,31,02,256,10,32,25,201,20*7E
$GPGSV,5,4,17,36,52,277,31,40,85,352,,41,58,082,32,49,32,274,*7F
$GPGSV,5,5,17,50,10,089,*4A
$GLGSV,3,1,09,67,17,033,18,68,63,061,31,69,53,183,29,73,13,296,09*64
$GLGSV,3,2,09,79,24,179,19,80,41,242,20,81,04,078,,82,10,035,*66
$GLGSV,3,3,09,83,04,348,14*59
$GNGLL,0419.83918,S,05539.63962,E,084755.00,A,D*61
$GNRMC,084756.00,A,0419.83926,S,05539.63968,E,0.115,,260525,,,D*7F
$GNVTG,,T,,M,0.115,N,0.213,K,D*3D
$GNGGA,084756.00,0419.83926,S,05539.63968,E,2,12,0.68,-1.0,M,-47.6,M,,0000*5F
$GNGSA,A,3,25,23,12,15,10,29,18,28,32,26,41,,1.32,0.68,1.13*19
$GNGSA,A,3,68,79,80,67,69,,,,,,,,1.32,0.68,1.13*17
$GPGSV,5,1,17,10,48,259,33,12,23,154,14,15,31,056,26,18,17,353,18*7D
$GPGSV,5,2,17,23,54,333,19,24,14,124,,25,52,178,31,26,16,304,23*7E
$GPGSV,5,3,17,28,14,233,16,29,47,042,26,31,02,256,08,32,25,201,20*77
$GPGSV,5,4,17,36,52,277,31,40,85,352,,41,58,082,32,49,32,274,*7F
$GPGSV,5,5,17,50,10,089,*4A
$GLGSV,3,1,09,67,17,033,19,68,63,061,31,69,53,183,29,73,13,296,10*6D
$GLGSV,3,2,09,79,24,179,20,80,41,242,19,81,04,078,,82,10,035,*66
$GLGSV,3,3,09,83,04,348,16*5B
$GNGLL,0419.83926,S,05539.63968,E,084756.00,A,D*65
$GLGSV,3,1,09,67,17,033,18,68,63,061,30,69,53,183,29,73,13,296,08*64
$GLGSV,3,2,09,79,24,179,19,80,41,242,17,81,04,078,,82,10,035,*62
$GLGSV,3,3,09,83,04,348,16*5B
$GNGLL,0419.83935,S,05539.63971,E,084757.00,A,D*6E
$GNRMC,084758.00,A,0419.83941,S,05539.63968,E,0.192,,260525,,,D*7F
$GNVTG,,T,,M,0.192,N,0.355,K,D*31
$GNGGA,084758.00,0419.83941,S,05539.63968,E,2,12,0.68,-0.5,M,-47.6,M,,0000*54
$GNGSA,A,3,25,23,12,15,10,29,18,28,32,26,41,,1.32,0.68,1.13*19
$GNGSA,A,3,68,79,80,67,69,,,,,,,,1.32,0.68,1.13*17
$GPGSV,5,1,17,10,48,259,34,12,23,154,16,15,31,056,23,18,17,353,20*76
$GPGSV,5,2,17,23,54,333,15,24,14,124,08,25,52,178,33,26,16,304,23*78
$GPGSV,5,3,17,28,14,233,17,29,47,042,25,31,03,256,10,32,25,201,18*76
$GPGSV,5,4,17,36,52,277,33,40,85,352,,41,58,082,33,49,32,274,*7C
$GPGSV,5,5,17,50,10,089,*4A
$GLGSV,3,1,09,67,17,033,18,68,63,061,29,69,53,183,29,73,13,296,10*65
$GLGSV,3,2,09,79,24,179,17,80,41,242,17,81,04,078,,82,10,035,*6C
$GLGSV,3,3,09,83,04,348,15*58
$GNGLL,0419.83941,S,05539.63968,E,084758.00,A,D*6A
$GNRMC,084759.00,A,0419.83947,S,05539.63969,E,0.130,,260525,,,D*71
$GNVTG,,T,,M,0.130,N,0.241,K,D*3D
$GNGGA,084759.00,0419.83947,S,05539.63969,E,2,12,0.68,-0.4,M,-47.6,M,,0000*53
$GNGSA,A,3,25,23,12,15,10,29,18,28,32,26,41,,1.32,0.68,1.13*19
$GNGSA,A,3,68,79,80,67,69,,,,,,,,1.32,0.68,1.13*17
$GPGSV,5,1,17,10,48,259,34,12,23,154,18,15,31,056,24,18,17,353,21*7E
$GPGSV,5,2,17,23,54,333,14,24,14,124,10,25,52,178,33,26,16,304,24*77
$GPGSV,5,3,17,28,14,233,17,29,47,042,27,31,03,256,09,32,25,201,19*7D
$GPGSV,5,4,17,36,52,277,32,40,85,352,,41,58,082,33,49,32,274,*7D
$GPGSV,5,5,17,50,10,089,*4A
$GLGSV,3,1,09,67,17,033,18,68,63,061,29,69,53,183,30,73,13,296,08*64
$GLGSV,3,2,09,79,24,179,14,80,41,242,19,81,04,078,,82,10,035,*61
$GLGSV,3,3,09,83,04,348,15*58
$GNGLL,0419.83947,S,05539.63969,E,084759.00,A,D*6C
$GPGSV,5,2,17,23,54,333,15,24,14,124,12,25,52,178,33,26,16,304,25*75
$GPGSV,5,3,17,28,14,233,17,29,47,042,26,31,03,256,09,32,25,201,18*7D
$GPGSV,5,4,17,36,52,277,31,40,85,352,,41,58,082,33,49,32,274,*7E
$GPGSV,5,5,17,50,10,089,*4A
$GLGSV,3,1,09,67,17,033,18,68,63,061,29,69,53,183,31,73,13,296,07*6A
$GLGSV,3,2,09,79,24,179,16,80,41,242,19,81,04,078,,82,10,035,*63
$GLGSV,3,3,09,83,04,348,15*58
$GNGLL,0419.83952,S,05539.63968,E,084800.00,A,D*6A
$GNRMC,084801.00,A,0419.83954,S,05539.63967,E,0.060,,260525,,,D*7B
$GNVTG,,T,,M,0.060,N,0.112,K,D*3C
$GNGGA,084801.00,0419.83954,S,05539.63967,E,2,12,0.62,-0.4,M,-47.6,M,,0000*57
$GNGSA,A,3,25,23,12,15,10,29,18,24,28,32,26,41,1.21,0.62,1.04*11
$GNGSA,A,3,68,79,80,67,69,,,,,,,,1.21,0.62,1.04*19
$GPGSV,5,1,17,10,48,259,34,12,23,154,16,15,31,056,26,18,17,353,22*71
$GPGSV,5,2,17,23,54,333,19,24,14,124,10,25,52,178,33,26,16,304,22*7C
$GPGSV,5,3,17,28,14,233,16,29,47,042,26,31,03,256,11,32,25,201,16*7B
$GPGSV,5,4,17,36,52,277,30,40,85,352,,41,58,082,33,49,32,274,*7F
$GPGSV,5,5,17,50,10,089,*4A
$GLGSV,3,1,09,67,17,033,17,68,63,061,29,69,53,183,32,73,13,296,07*66
$GLGSV,3,2,09,79,24,179,17,80,41,242,18,81,04,078,,82,10,035,*63
$GLGSV,3,3,09,83,04,348,15*58
$GNGLL,0419.83954,S,05539.63967,E,084801.00,A,D*62
$GNRMC,084802.00,A,0419.83958,S,05539.63966,E,0.171,,260525,,,D*74
$GNVTG,,T,,M,0.171,N,0.316,K,D*3B
$GNGGA,084802.00,0419.83958,S,05539.63966,E,2,12,0.68,-0.3,M,-47.6,M,,0000*54
$GNGSA,A,3,25,23,12,15,10,29,18,28,32,26,41,,1.32,0.68,1.13*19
$GNGSA,A,3,68,79,80,67,69,,,,,,,,1.32,0.68,1.13*17
$GPGSV,5,1,17,10,48,259,34,12,23,154,17,15,31,056,30,18,17,353,22*77
$GPGSV,5,2,17,23,54,333,22,24,14,124,11,25,52,178,33,26,16,304,22*75
$GPGSV,5,3,17,28,14,233,17,29,47,042,24,31,03,256,13,32,25,201,15*79
$GPGSV,5,4,17,36,52,277,33,40,85,352,,41,58,082,34,49,32,274,*7B
$GPGSV,5,5,17,50,10,089,*4A
$GLGSV,3,1,09,67,17,033,18,68,63,061,30,69,53,183,32,73,13,296,07*61
$GLGSV,3,2,09,79,24,179,14,80,41,242,18,81,04,078,,82,10,035,*60
$GLGSV,3,3,09,83,04,348,15*58
$GNGLL,0419.83958,S,05539.63966,E,084802.00,A,D*6C
