$GNRMC,104804.00,A,0419.93105,S,05539.66398,E,0.073,,260525,,,A*72
$GNVTG,,T,,M,0.073,N,0.135,K,A*3E
$GNGGA,104804.00,0419.93105,S,05539.66398,E,1,12,0.73,38.6,M,-47.6,M,,*4E
$GNGSA,A,3,32,29,26,10,28,18,31,23,25,16,,,1.48,0.73,1.29*10
$GNGSA,A,3,69,82,80,,,,,,,,,,1.48,0.73,1.29*12
$GPGSV,5,1,17,10,30,334,34,16,23,278,28,18,25,044,17,23,13,014,19*7D
$GPGSV,5,2,17,24,05,073,,25,12,148,16,26,31,247,27,27,14,328,22*7A
$GPGSV,5,3,17,28,29,185,27,29,42,134,12,31,15,210,32,32,82,216,26*77
$GPGSV,5,4,17,36,52,277,,40,85,353,30,41,58,082,,49,32,274,*7E
$GPGSV,5,5,17,50,10,089,*4A
$GLGSV,3,1,11,68,07,018,,69,52,355,18,70,45,233,,71,05,211,20*62
$GLGSV,3,2,11,73,15,231,23,80,16,177,19,81,00,137,,82,27,101,18*69
$GLGSV,3,3,11,83,33,041,14,84,06,352,,,,,27*65
$GNGLL,0419.93105,S,05539.66398,E,104804.00,A,A*69
$GNRMC,104806.00,A,0419.93106,S,05539.66393,E,0.078,,260525,,,A*73
$GNVTG,,T,,M,0.078,N,0.144,K,A*33
$GNGGA,104806.00,0419.93106,S,05539.66393,E,1,12,0.73,39.1,M,-47.6,M,,*42
$GNGSA,A,3,32,29,26,10,28,18,31,23,25,16,,,1.48,0.73,1.29*10
$GNGSA,A,3,69,82,80,,,,,,,,,,1.48,0.73,1.29*12
$GPGSV,5,1,17,10,30,334,35,16,23,278,36,18,25,044,18,23,13,014,17*72
$GPGSV,5,2,17,24,05,073,,25,12,148,14,26,31,247,28,27,14,328,22*77
$GPGSV,5,3,17,28,29,185,28,29,42,134,32,31,15,210,27,32,82,216,37*7E
$GPGSV,5,4,17,36,52,277,,40,85,353,33,41,58,082,,49,32,274,*7D
$GPGSV,5,5,17,50,10,089,*4A
$GLGSV,3,1,11,68,07,018,,69,52,355,26,70,45,233,,71,05,211,16*6A
$GLGSV,3,2,11,73,15,231,24,80,16,177,19,81,00,137,,82,27,101,21*64
$GLGSV,3,3,11,83,33,041,,84,06,352,,,,,34*62
$GNGLL,0419.93106,S,05539.66393,E,104806.00,A,A*63
$GNRMC,104810.00,A,0419.93097,S,05539.66391,E,0.201,,260525,,,A*73
$GNVTG,,T,,M,0.201,N,0.372,K,A*38
$GNGGA,104810.00,0419.93097,S,05539.66391,E,1,12,0.77,39.1,M,-47.6,M,,*4A
$GNGSA,A,3,32,29,26,10,28,18,31,23,25,16,,,1.54,0.77,1.33*12
$GNGSA,A,3,69,82,80,,,,,,,,,,1.54,0.77,1.33*10
$GPGSV,5,1,17,10,30,334,32,16,23,278,34,18,25,044,17,23,13,014,19*76
$GPGSV,5,2,17,24,05,073,,25,12,148,16,26,31,247,33,27,14,328,19*77
$GPGSV,5,3,17,28,29,185,31,29,42,134,33,31,15,210,23,32,82,216,38*7C
$GPGSV,5,4,17,36,52,277,,40,85,353,32,41,58,082,,49,32,274,*7C
$GPGSV,5,5,17,50,10,089,*4A
$GLGSV,3,1,11,68,07,018,,69,52,355,25,70,45,233,,71,05,211,22*6E
$GLGSV,3,2,11,73,15,231,31,80,16,177,28,81,00,137,,82,27,101,24*67
$GLGSV,3,3,11,83,33,041,,84,06,352,,,,,35*63
$GNGLL,0419.93097,S,05539.66391,E,104810.00,A,A*6F
$GNGGA,104811.00,0419.93100,S,05539.66396,E,1,12,0.77,38.9,M,-47.6,M,,*4A
$GNGSA,A,3,32,29,26,10,28,18,31,23,25,16,,,1.54,0.77,1.33*12
$GNGSA,A,3,69,82,80,,,,,,,,,,1.54,0.77,1.33*10
$GPGSV,5,1,17,10,30,334,33,16,23,278,35,18,25,044,17,23,13,014,18*77
$GPGSV,5,2,17,24,05,073,,25,12,148,16,26,31,247,32,27,14,328,21*7D
$GPGSV,5,3,17,28,29,185,31,29,42,134,32,31,15,210,20,32,82,216,34*72
$GPGSV,5,4,17,36,52,277,,40,85,353,35,41,58,082,,49,32,274,*7B
$GPGSV,5,5,17,50,10,089,*4A
$GLGSV,3,1,11,68,07,018,,69,52,355,27,70,45,233,,71,05,211,22*6C
$GLGSV,3,2,11,73,15,231,29,80,16,177,38,81,00,137,,82,27,101,25*6E
$GLGSV,3,3,11,83,33,041,,84,06,352,,,,,36*60
$GNGLL,0419.93100,S,05539.66396,E,104811.00,A,A*66
$GNRMC,104812.00,A,0419.93099,S,05539.66392,E,0.176,,260525,,,A*7F
$GNVTG,,T,,M,0.176,N,0.327,K,A*3B
$GNGGA,104812.00,0419.93099,S,05539.66392,E,1,12,0.73,39.1,M,-47.6,M,,*41
$GNGSA,A,3,32,29,26,10,28,18,31,23,25,16,,,1.48,0.73,1.29*10
$GNGSA,A,3,69,82,80,,,,,,,,,,1.48,0.73,1.29*12
$GPGSV,5,1,17,10,30,334,35,16,23,278,31,18,25,044,16,23,13,014,18*74
$GPGSV,5,2,17,24,05,072,,25,12,148,17,26,31,247,30,27,14,328,22*7C
$GPGSV,5,3,17,28,29,185,31,29,42,134,33,31,15,210,21,32,82,216,38*7E
$GPGSV,5,4,17,36,52,277,,40,85,353,34,41,58,082,,49,32,274,*7A
$GPGSV,5,5,17,50,10,089,*4A
$GLGSV,3,1,11,68,07,018,,69,52,355,31,70,45,233,,71,05,211,21*68
$GLGSV,3,2,11,73,15,231,21,80,16,177,35,81,00,137,,82,27,101,26*68
$GLGSV,3,3,11,83,33,041,21,84,06,352,,,,,35*60
$GNGLL,0419.93099,S,05539.66392,E,104812.00,A,A*60
$GNRMC,104813.00,A,0419.93094,S,05539.66392,E,0.148,,260525,,,A*7E
$GNVTG,,T,,M,0.148,N,0.274,K,A*31
$GNGGA,104813.00,0419.93094,S,05539.66392,E,1,12,0.73,39.2,M,-47.6,M,,*4E
$GNGSA,A,3,32,29,26,10,28,18,31,23,25,16,,,1.48,0.73,1.29*10
$GNGSA,A,3,69,82,80,,,,,,,,,,1.48,0.73,1.29*12
$GPGSV,5,1,17,10,30,334,35,16,23,278,33,18,25,044,16,23,13,014,17*79
$GPGSV,5,2,17,24,05,072,,25,12,148,18,26,31,247,29,27,14,328,24*7D
$GPGSV,5,3,17,28,29,185,31,29,42,134,28,31,15,210,22,32,82,216,37*78
$GPGSV,5,4,17,36,52,277,,40,85,353,34,41,58,082,,49,32,274,*7A
$GPGSV,5,5,17,50,10,089,*4A
$GLGSV,3,1,11,68,07,018,,69,52,355,26,70,45,233,,71,05,211,22*6D
$GLGSV,3,2,11,73,15,231,22,80,16,177,31,81,00,137,,82,27,101,24*6D
$GLGSV,3,3,11,83,33,041,20,84,06,352,,,,,32*66
$GNGLL,0419.93094,S,05539.66392,E,104813.00,A,A*6C
$GNRMC,104814.00,A,0419.93087,S,05539.66394,E,0.133,,260525,,,A*71
$GNVTG,,T,,M,0.133,N,0.247,K,A*3D
$GNGGA,104814.00,0419.93087,S,05539.66394,E,1,12,0.73,39.2,M,-47.6,M,,*4D
$GNGSA,A,3,32,29,26,10,28,18,31,23,25,16,,,1.48,0.73,1.29*10
$GNGSA,A,3,69,82,80,,,,,,,,,,1.48,0.73,1.29*12
$GPGSV,5,1,17,10,30,334,30,16,23,278,33,18,25,044,16,23,13,014,18*73
$GPGSV,5,2,17,24,05,072,,25,12,148,18,26,31,246,34,27,14,328,24*70
$GPGSV,5,3,17,28,29,185,31,29,42,134,33,31,15,210,22,32,82,216,39*7C
$GPGSV,5,4,17,36,52,277,,40,85,353,34,41,58,082,,49,32,274,*7A
$GPGSV,5,5,17,50,10,089,*4A
$GLGSV,3,1,11,68,07,018,,69,52,355,29,70,45,233,,71,05,211,22*62
$GLGSV,3,2,11,73,15,231,25,80,16,177,30,81,00,137,,82,27,101,24*6B
$GLGSV,3,3,11,83,33,041,18,84,06,352,,,,,36*69
$GNGLL,0419.93087,S,05539.66394,E,104814.00,A,A*6F
$GNRMC,104815.00,A,0419.93087,S,05539.66391,E,0.051,,260525,,,A*70
$GNVTG,,T,,M,0.051,N,0.094,K,A*34
$GNGGA,104815.00,0419.93087,S,05539.66391,E,1,12,0.73,39.1,M,-47.6,M,,*4A
$GNGSA,A,3,32,29,26,10,28,18,31,23,25,16,,,1.48,0.73,1.29*10
$GNGSA,A,3,69,82,80,,,,,,,,,,1.48,0.73,1.29*12
$GPGSV,5,1,17,10,30,334,34,16,23,278,33,18,25,044,16,23,13,014,18*77
$GPGSV,5,2,17,24,05,072,,25,12,148,17,26,31,246,32,27,15,328,23*7F
$GPGSV,5,3,17,28,29,185,32,29,42,134,33,31,15,210,29,32,82,216,40*7A
$GPGSV,5,4,17,36,52,277,,40,85,353,31,41,58,082,,49,32,274,*7F
$GPGSV,5,5,17,50,10,089,*4A
$GLGSV,3,1,11,68,07,018,,69,52,355,29,70,45,233,,71,05,211,19*6A
$GLGSV,3,2,11,73,15,231,26,80,16,177,30,81,00,137,,82,27,101,23*6F
$GLGSV,3,3,11,83,33,041,15,84,06,352,,,,,32*60
$GNGLL,0419.93087,S,05539.66391,E,104815.00,A,A*6B
$GNRMC,104817.00,A,0419.93088,S,05539.66382,E,0.056,,260525,,,A*78
$GNVTG,,T,,M,0.056,N,0.104,K,A*3B
$GNGGA,104817.00,0419.93088,S,05539.66382,E,1,12,0.73,39.0,M,-47.6,M,,*44
$GNGSA,A,3,32,29,26,10,28,18,31,23,25,16,,,1.48,0.73,1.29*10
$GNGSA,A,3,69,82,80,,,,,,,,,,1.48,0.73,1.29*12
$GPGSV,5,1,17,10,30,334,33,16,23,278,35,18,25,044,18,23,13,014,19*79
$GPGSV,5,2,17,24,05,072,,25,12,148,16,26,31,246,31,27,15,328,22*7C
$GPGSV,5,3,17,28,29,184,31,29,42,134,32,31,15,210,21,32,82,216,38*7E
$GPGSV,5,4,17,36,52,277,,40,85,353,31,41,58,082,,49,32,274,*7F
$GPGSV,5,5,17,50,10,089,*4A
$GLGSV,3,1,11,68,07,018,,69,52,355,25,70,45,233,,71,05,211,20*6C
$GLGSV,3,2,11,73,15,231,30,80,16,177,31,81,00,137,,82,27,101,23*69
$GLGSV,3,3,11,83,33,041,15,84,06,352,,,,,36*64
$GNGLL,0419.93088,S,05539.66382,E,104817.00,A,A*64
$GNRMC,104818.00,A,0419.93090,S,05539.66377,E,0.027,,260525,,,A*72
$GNVTG,,T,,M,0.027,N,0.049,K,A*35
$GNGGA,104818.00,0419.93090,S,05539.66377,E,1,12,0.68,39.0,M,-47.6,M,,*42
$GNGSA,A,3,32,29,26,10,28,18,31,23,25,16,,,1.45,0.68,1.28*16
$GNGSA,A,3,69,82,80,,,,,,,,,,1.45,0.68,1.28*14
$GPGSV,5,1,17,10,30,334,30,16,23,278,35,18,25,044,18,23,13,014,20*70
$GPGSV,5,2,17,24,05,072,,25,12,148,19,26,31,246,29,27,15,328,21*79
$GPGSV,5,3,17,28,29,184,29,29,42,134,31,31,15,210,21,32,82,216,37*7B
$GPGSV,5,4,17,36,52,277,,40,85,353,34,41,58,082,,49,32,274,*7A
$GPGSV,5,5,17,50,10,089,*4A
$GLGSV,3,1,11,68,07,018,,69,52,355,27,70,45,233,,71,05,211,21*6F
$GLGSV,3,2,11,73,15,231,22,80,16,177,35,81,00,137,,82,27,101,30*6C
$GLGSV,3,3,11,83,33,041,14,84,06,352,,,,,36*65
$GNGLL,0419.93090,S,05539.66377,E,104818.00,A,A*68
$GNRMC,104819.00,A,0419.93093,S,05539.66373,E,0.043,,260525,,,A*76
$GNVTG,,T,,M,0.043,N,0.081,K,A*33
$GNGGA,104819.00,0419.93093,S,05539.66373,E,1,12,0.68,39.0,M,-47.6,M,,*44
$GNGSA,A,3,32,29,26,10,28,18,31,23,25,16,,,1.45,0.68,1.28*16
$GNGSA,A,3,69,82,80,,,,,,,,,,1.45,0.68,1.28*14
$GPGSV,5,1,17,10,30,334,32,16,23,278,34,18,25,044,18,23,13,014,19*79
$GPGSV,5,2,17,24,05,072,,25,12,148,18,26,31,246,31,27,15,328,21*71
$GPGSV,5,3,17,28,29,184,28,29,42,134,32,31,15,210,26,32,82,216,37*7E
$GPGSV,5,4,17,36,52,277,29,40,85,353,34,41,58,082,,49,32,274,*71
$GPGSV,5,5,17,50,10,089,*4A
$GLGSV,3,1,11,68,07,018,,69,52,355,27,70,45,233,,71,05,211,21*6F
$GLGSV,3,2,11,73,15,231,30,80,16,177,35,81,00,137,,82,27,101,23*6D
$GLGSV,3,3,11,83,33,041,18,84,06,352,,,,,35*6A
$GNGLL,0419.93093,S,05539.66373,E,104819.00,A,A*6E
$GNRMC,104820.00,A,0419.93093,S,05539.66365,E,0.127,,260525,,,A*78
$GNVTG,,T,,M,0.127,N,0.236,K,A*3E
$GNGGA,104820.00,0419.93093,S,05539.66365,E,1,12,0.68,39.0,M,-47.6,M,,*49
$GNGSA,A,3,32,29,26,10,28,18,31,23,25,16,,,1.45,0.68,1.28*16
$GNGSA,A,3,69,82,80,,,,,,,,,,1.45,0.68,1.28*14
$GPGSV,5,1,17,10,30,334,36,16,23,278,34,18,25,044,18,23,13,014,17*73
$GPGSV,5,2,17,24,05,072,,25,12,148,19,26,31,246,29,27,15,328,24*7C
$GPGSV,5,3,17,28,29,184,27,29,42,134,34,31,15,210,25,32,82,217,34*76
$GPGSV,5,4,17,36,52,277,,40,85,353,30,41,58,082,,49,32,274,*7E
$GPGSV,5,5,17,50,10,089,*4A
$GLGSV,3,1,11,68,07,018,,69,52,355,27,70,45,233,,71,05,211,23*6D
$GLGSV,3,2,11,73,15,231,28,80,16,177,30,81,00,137,,82,27,101,24*66
$GLGSV,3,3,11,83,33,041,19,84,06,352,,,,,37*69
$GNGLL,0419.93093,S,05539.66365,E,104820.00,A,A*63
$GNRMC,104821.00,A,0419.93096,S,05539.66361,E,0.053,,260525,,,A*7A
$GNVTG,,T,,M,0.053,N,0.098,K,A*3A
$GNGGA,104821.00,0419.93096,S,05539.66361,E,1,12,0.68,39.2,M,-47.6,M,,*4B
$GNGSA,A,3,32,29,26,10,28,18,31,23,25,16,,,1.45,0.68,1.28*16
$GNGSA,A,3,69,82,80,,,,,,,,,,1.45,0.68,1.28*14
$GPGSV,5,1,17,10,30,334,34,16,23,278,34,18,25,044,18,23,13,014,18*7E
$GPGSV,5,2,17,24,05,072,,25,12,148,20,26,31,246,30,27,15,328,22*78
$GPGSV,5,3,17,28,29,184,26,29,42,134,32,31,15,210,23,32,82,217,35*76
$GPGSV,5,4,17,36,52,277,,40,85,353,34,41,58,082,,49,32,274,*7A
$GPGSV,5,5,17,50,10,089,*4A
$GLGSV,3,1,11,68,07,018,,69,52,355,26,70,45,233,,71,05,211,22*6D
$GLGSV,3,2,11,73,15,231,29,80,16,177,35,81,00,137,,82,27,101,25*63
$GLGSV,3,3,11,83,33,041,20,84,06,352,,,,,37*63
$GNGLL,0419.93096,S,05539.66361,E,104821.00,A,A*63
$GNRMC,104823.00,A,0419.93096,S,05539.66359,E,0.163,,260525,,,A*71
$GNVTG,,T,,M,0.163,N,0.301,K,A*3B
$GNGGA,104823.00,0419.93096,S,05539.66359,E,1,12,0.68,39.3,M,-47.6,M,,*43
$GNGSA,A,3,32,29,26,10,28,18,31,23,25,16,,,1.45,0.68,1.28*16
$GNGSA,A,3,69,82,80,,,,,,,,,,1.45,0.68,1.28*14
$GPGSV,5,1,17,10,30,334,36,16,23,278,33,18,25,044,17,23,13,014,19*75
$GPGSV,5,2,17,24,05,072,,25,12,148,16,26,31,246,33,27,15,328,20*7C
$GPGSV,5,3,17,28,29,184,30,29,42,134,32,31,15,210,23,32,82,217,34*70
$GPGSV,5,4,17,36,52,277,,40,85,353,33,41,58,082,,49,32,274,*7D
$GPGSV,5,5,17,50,10,089,*4A
$GLGSV,3,1,11,68,07,018,,69,52,355,29,70,45,233,,71,05,211,19*6A
$GLGSV,3,2,11,73,15,231,30,80,16,177,33,81,00,137,,82,27,101,26*6E
$GLGSV,3,3,11,83,33,041,22,84,06,352,,,,,34*62
$GNGLL,0419.93096,S,05539.66359,E,104823.00,A,A*6A
$GNRMC,104824.00,A,0419.93098,S,05539.66350,E,0.033,,260525,,,A*75
$GNVTG,,T,,M,0.033,N,0.062,K,A*39
$GNGGA,104824.00,0419.93098,S,05539.66350,E,1,12,0.68,39.4,M,-47.6,M,,*44
$GNGSA,A,3,32,29,26,10,28,18,31,23,25,16,,,1.45,0.68,1.28*16
$GNGSA,A,3,69,82,80,,,,,,,,,,1.45,0.68,1.28*14
$GPGSV,5,1,17,10,30,334,33,16,23,278,32,18,25,044,20,23,13,014,19*75
$GPGSV,5,2,17,24,05,072,,25,12,148,16,26,31,246,32,27,15,328,18*76
$GPGSV,5,3,17,28,29,184,29,29,42,134,27,31,15,210,25,32,82,217,37*79
$GPGSV,5,4,17,36,52,277,,40,85,353,34,41,58,082,,49,32,274,*7A
$GPGSV,5,5,17,50,10,089,*4A
$GLGSV,3,1,11,68,07,018,,69,52,355,28,70,45,233,,71,05,211,17*65
$GLGSV,3,2,11,73,15,231,35,80,16,177,32,81,00,137,,82,27,101,26*6A
$GLGSV,3,3,11,83,33,041,23,84,06,352,,,,,30*67
$GNGLL,0419.93098,S,05539.66350,E,104824.00,A,A*6A
$GNRMC,104827.00,A,0419.93109,S,05539.66335,E,0.039,,260525,,,A*76
$GNVTG,,T,,M,0.039,N,0.073,K,A*33
$GNGGA,104827.00,0419.93109,S,05539.66335,E,1,12,0.68,39.7,M,-47.6,M,,*4E
$GNGSA,A,3,32,29,26,10,28,18,31,23,25,16,,,1.45,0.68,1.28*16
$GNGSA,A,3,69,82,80,,,,,,,,,,1.45,0.68,1.28*14
$GPGSV,5,1,17,10,30,334,37,16,23,278,35,18,25,044,20,23,13,014,18*77
$GPGSV,5,2,17,24,05,072,,25,12,148,18,26,31,246,32,27,15,328,18*78
$GPGSV,5,3,17,28,29,184,34,29,42,134,33,31,15,210,21,32,82,217,33*70
$GPGSV,5,4,17,36,52,277,,40,85,353,34,41,58,082,,49,32,274,*7A
$GPGSV,5,5,17,50,10,089,*4A
$GLGSV,3,1,11,68,07,018,,69,52,355,26,70,45,233,,71,05,211,21*6E
$GLGSV,3,2,11,73,15,231,28,80,16,177,33,81,00,137,,82,27,101,27*66
$GLGSV,3,3,11,83,33,041,20,84,06,352,,,,,34*60
$GNGLL,0419.93109,S,05539.66335,E,104827.00,A,A*63
$GNRMC,104828.00,A,0419.93109,S,05539.66336,E,0.060,,260525,,,A*76
$GNVTG,,T,,M,0.060,N,0.111,K,A*3A
$GNGGA,104828.00,0419.93109,S,05539.66336,E,1,12,0.68,39.8,M,-47.6,M,,*4D
$GNGSA,A,3,32,29,26,10,28,18,31,23,25,16,,,1.45,0.68,1.28*16
$GNGSA,A,3,69,82,80,,,,,,,,,,1.45,0.68,1.28*14
$GPGSV,5,1,17,10,30,334,31,16,23,278,33,18,25,044,21,23,13,014,16*78
$GPGSV,5,2,17,24,05,072,,25,12,148,17,26,31,246,33,27,15,328,19*77
$GPGSV,5,3,17,28,29,184,32,29,42,134,36,31,15,210,21,32,82,217,38*78
$GPGSV,5,4,17,36,52,277,,40,85,353,33,41,58,082,,49,32,274,*7D
$GPGSV,5,5,17,50,10,089,*4A
$GLGSV,3,1,11,68,07,018,,69,52,355,32,70,45,233,18,71,05,211,20*63
$GLGSV,3,2,11,73,15,231,29,80,16,177,34,81,00,137,,82,27,101,27*60
$GLGSV,3,3,11,83,33,041,20,84,06,352,,,,,34*60
$GNGLL,0419.93109,S,05539.66336,E,104828.00,A,A*6F
$GNRMC,104829.00,A,0419.93104,S,05539.66335,E,0.030,,260525,,,A*7C
$GNVTG,,T,,M,0.030,N,0.055,K,A*3E
$GNGGA,104829.00,0419.93104,S,05539.66335,E,1,12,0.68,39.8,M,-47.6,M,,*42
$GNGSA,A,3,32,29,26,10,28,18,31,23,25,16,,,1.45,0.68,1.28*16
$GNGSA,A,3,69,82,80,,,,,,,,,,1.45,0.68,1.28*14
$GPGSV,5,1,17,10,30,334,33,16,23,278,33,18,25,044,21,23,13,014,17*7B
$GPGSV,5,2,17,24,05,072,,25,12,148,18,26,31,246,33,27,15,328,19*78
$GPGSV,5,3,17,28,29,184,36,29,42,134,36,31,15,210,20,32,82,217,38*7D
$GPGSV,5,4,17,36,52,277,,40,85,353,29,41,58,082,,49,32,274,*76
$GPGSV,5,5,17,50,10,089,*4A
$GLGSV,3,1,11,68,07,018,,69,52,355,26,70,45,233,,71,05,211,20*6F
$GLGSV,3,2,11,73,15,231,31,80,16,177,34,81,00,137,,82,27,101,27*69
$GLGSV,3,3,11,83,33,041,20,84,06,352,,,,,34*60
$GNGLL,0419.93104,S,05539.66335,E,104829.00,A,A*60
$GNRMC,104830.00,A,0419.93099,S,05539.66333,E,0.089,,260525,,,A*75
$GNVTG,,T,,M,0.089,N,0.165,K,A*3E
$GNGGA,104830.00,0419.93099,S,05539.66333,E,1,12,0.68,39.8,M,-47.6,M,,*49
$GNGSA,A,3,32,29,26,10,28,18,31,23,25,16,,,1.45,0.68,1.28*16
$GNGSA,A,3,69,82,80,,,,,,,,,,1.45,0.68,1.28*14
$GPGSV,5,1,17,10,30,334,33,16,23,278,32,18,25,044,19,23,13,014,18*7E
$GPGSV,5,2,17,24,05,072,,25,12,148,17,26,31,246,30,27,15,328,20*7E
$GPGSV,5,3,17,28,29,184,35,29,42,134,35,31,15,210,19,32,82,217,36*79
$GPGSV,5,4,17,36,52,277,,40,85,353,34,41,58,082,,49,32,274,*7A
$GPGSV,5,5,17,50,10,089,*4A
$GLGSV,3,1,11,68,07,018,,69,52,355,26,70,45,233,20,71,05,211,20*6D
$GLGSV,3,2,11,73,15,231,25,80,16,177,32,81,00,137,,82,27,101,26*6B
$GLGSV,3,3,11,83,33,041,21,84,06,352,,,,,35*60
$GNGLL,0419.93099,S,05539.66333,E,104830.00,A,A*6B
$GNRMC,104831.00,A,0419.93103,S,05539.66332,E,0.121,,260525,,,A*74
$GNVTG,,T,,M,0.121,N,0.225,K,A*3A
$GNGGA,104831.00,0419.93103,S,05539.66332,E,1,12,0.68,39.8,M,-47.6,M,,*4B
$GNGSA,A,3,32,29,26,10,28,18,31,23,25,16,,,1.45,0.68,1.28*16
$GNGSA,A,3,69,82,80,,,,,,,,,,1.45,0.68,1.28*14
$GPGSV,5,1,17,10,30,334,29,16,23,278,32,18,25,044,20,23,13,014,18*7F
$GPGSV,5,2,17,24,05,072,,25,12,148,15,26,31,246,32,27,15,328,20*7E
$GPGSV,5,3,17,28,29,184,33,29,42,134,33,31,15,210,27,32,82,217,35*77
$GPGSV,5,4,17,36,52,277,,40,85,353,29,41,58,082,,49,32,274,*76
$GPGSV,5,5,17,50,10,089,*4A
$GLGSV,3,1,11,68,07,018,,69,52,355,31,70,45,233,18,71,05,211,21*61
$GLGSV,3,2,11,73,15,231,30,80,16,177,32,81,00,137,,82,27,101,26*6F
$GLGSV,3,3,11,83,33,041,23,84,06,352,,,,,35*62
$GNGLL,0419.93103,S,05539.66332,E,104831.00,A,A*69
$GNRMC,104832.00,A,0419.93106,S,05539.66326,E,0.041,,260525,,,A*70
$GNVTG,,T,,M,0.041,N,0.076,K,A*39
$GNGGA,104832.00,0419.93106,S,05539.66326,E,1,12,0.68,39.8,M,-47.6,M,,*48
$GNGSA,A,3,32,29,26,10,28,18,31,23,25,16,,,1.45,0.68,1.28*16
$GNGSA,A,3,69,82,80,,,,,,,,,,1.45,0.68,1.28*14
$GPGSV,5,1,17,10,30,334,33,16,23,278,32,18,25,044,20,23,13,014,17*7B
$GPGSV,5,2,17,24,05,072,,25,12,148,14,26,31,246,33,27,15,328,19*74
$GPGSV,5,3,17,28,29,184,29,29,42,134,34,31,15,210,20,32,82,217,38*71
$GPGSV,5,4,17,36,52,277,,40,85,353,33,41,58,082,,49,32,274,*7D
$GPGSV,5,5,17,50,10,089,*4A
$GLGSV,3,1,11,68,07,018,,69,52,355,30,70,45,233,17,71,05,211,22*6C
$GLGSV,3,2,11,73,15,231,22,80,16,177,33,81,00,137,,82,27,101,26*6D
$GLGSV,3,3,11,83,33,041,23,84,06,352,,,,,35*62
$GNGLL,0419.93106,S,05539.66326,E,104832.00,A,A*6A
$GNRMC,104833.00,A,0419.93107,S,05539.66322,E,0.052,,260525,,,A*76
$GNVTG,,T,,M,0.052,N,0.096,K,A*35
$GNGGA,104833.00,0419.93107,S,05539.66322,E,1,12,0.68,39.8,M,-47.6,M,,*4C
$GNGSA,A,3,32,29,26,10,28,18,31,23,25,16,,,1.45,0.68,1.28*16
$GNRMC,104835.00,A,0419.93112,S,05539.66319,E,0.031,,260525,,,A*79
$GNVTG,,T,,M,0.031,N,0.058,K,A*32
$GNGGA,104835.00,0419.93112,S,05539.66319,E,1,12,0.71,39.8,M,-47.6,M,,*4E
$GNGSA,A,3,32,29,26,10,28,18,31,23,25,16,,,1.53,0.71,1.35*15
$GNGSA,A,3,69,82,80,,,,,,,,,,1.53,0.71,1.35*17
$GPGSV,5,1,17,10,30,334,35,16,23,278,34,18,25,044,20,23,13,014,15*79
$GPGSV,5,2,17,24,05,072,,25,12,148,15,26,31,246,32,27,15,328,18*75
$GPGSV,5,3,17,28,29,184,32,29,42,134,35,31,15,210,22,32,82,217,38*78
$GPGSV,5,4,17,36,52,277,,40,85,353,36,41,58,082,,49,32,274,*78
$GPGSV,5,5,17,50,10,089,*4A
$GLGSV,3,1,11,68,07,018,,69,52,355,28,70,45,233,17,71,05,211,19*6D
$GLGSV,3,2,11,73,15,231,30,80,16,177,34,81,00,137,,82,27,101,26*69
$GLGSV,3,3,11,83,33,041,22,84,06,352,,,,,36*60
$GNGLL,0419.93112,S,05539.66319,E,104835.00,A,A*64
$GNRMC,104840.00,A,0419.93117,S,05539.66307,E,0.071,,260525,,,A*75
$GNVTG,,T,,M,0.071,N,0.132,K,A*3B
$GNGGA,104840.00,0419.93117,S,05539.66307,E,1,12,0.68,40.0,M,-47.6,M,,*48
$GNGSA,A,3,32,29,26,10,28,18,31,23,25,16,,,1.45,0.68,1.28*16
$GNGSA,A,3,69,82,80,,,,,,,,,,1.45,0.68,1.28*14
$GPGSV,5,1,17,10,30,334,29,16,23,278,35,18,25,044,18,23,13,014,16*7D
$GPGSV,5,2,17,24,05,072,,25,12,148,15,26,31,246,36,27,15,328,18*71
$GPGSV,5,3,17,28,29,184,33,29,42,134,34,31,15,210,20,32,82,217,34*76
$GPGSV,5,4,17,36,52,277,,40,85,353,34,41,58,082,,49,32,274,*7A
$GPGSV,5,5,17,50,10,089,*4A
$GLGSV,3,1,11,68,07,018,,69,52,355,25,70,45,233,18,71,05,211,24*61
$GLGSV,3,2,11,73,15,231,31,80,16,177,34,81,00,137,,82,27,101,26*68
$GLGSV,3,3,11,83,33,041,19,84,06,352,,,,,33*6D
$GNGLL,0419.93117,S,05539.66307,E,104840.00,A,A*6C
$GNRMC,104841.00,A,0419.93119,S,05539.66310,E,0.035,,260525,,,A*7C
$GNVTG,,T,,M,0.035,N,0.065,K,A*38
$GNGGA,104841.00,0419.93119,S,05539.66310,E,1,12,0.71,40.1,M,-47.6,M,,*48
$GNGSA,A,3,32,29,26,10,28,18,31,23,25,16,,,1.53,0.71,1.35*15
$GNGSA,A,3,69,82,80,,,,,,,,,,1.53,0.71,1.35*17
$GPGSV,5,1,17,10,30,334,29,16,23,278,35,18,25,044,21,23,13,014,17*76
$GPGSV,5,2,17,24,05,072,,25,12,148,15,26,31,246,33,27,15,328,20*7F
$GPGSV,5,3,17,28,29,184,34,29,42,134,31,31,15,210,20,32,82,217,34*74
$GPGSV,5,4,17,36,52,277,,40,85,353,36,41,58,082,,49,32,274,*78
$GPGSV,5,5,17,50,10,089,*4A
$GLGSV,3,1,11,68,07,018,,69,52,355,31,70,45,233,19,71,05,211,24*65
$GLGSV,3,2,11,73,15,231,32,80,16,177,33,81,00,137,,82,27,101,27*6D
$GLGSV,3,3,11,83,33,041,21,84,06,352,,,,,33*66
$GNGLL,0419.93119,S,05539.66310,E,104841.00,A,A*65
$GNRMC,104842.00,A,0419.93117,S,05539.66311,E,0.151,,260525,,,A*73
$GNVTG,,T,,M,0.151,N,0.280,K,A*32
$GNGGA,104842.00,0419.93117,S,05539.66311,E,1,12,0.71,40.1,M,-47.6,M,,*44
$GNGSA,A,3,32,29,26,10,28,18,31,23,25,16,,,1.53,0.71,1.35*15
$GNGSA,A,3,69,82,80,,,,,,,,,,1.53,0.71,1.35*17
$GPGSV,5,1,17,10,30,334,31,16,23,278,32,18,25,044,21,23,13,014,16*79
$GPGSV,5,2,17,24,05,072,,25,12,148,15,26,31,246,28,27,15,328,24*71
$GPGSV,5,3,17,28,29,184,32,29,42,134,35,31,15,210,21,32,82,217,35*76
$GPGSV,5,4,17,36,52,277,,40,85,353,35,41,58,082,,49,32,274,*7B
$GPGSV,5,5,17,50,10,089,*4A
$GLGSV,3,1,11,68,07,018,,69,52,355,31,70,45,233,19,71,05,211,22*63
$GLGSV,3,2,11,73,15,231,32,80,16,177,32,81,00,137,,82,27,101,27*6C
$GLGSV,3,3,11,83,33,041,21,84,06,352,,,,,33*66
$GNGLL,0419.93117,S,05539.66311,E,104842.00,A,A*69
$GNRMC,104843.00,A,0419.93118,S,05539.66312,E,0.064,,260525,,,A*79
$GNVTG,,T,,M,0.064,N,0.119,K,A*36
$GNGGA,104843.00,0419.93118,S,05539.66312,E,1,12,0.68,40.2,M,-47.6,M,,*42
$GNGSA,A,3,32,29,26,10,28,18,31,23,25,16,,,1.45,0.68,1.28*16
$GNGSA,A,3,69,82,80,,,,,,,,,,1.45,0.68,1.28*14
$GPGSV,5,1,17,10,30,334,33,16,23,278,33,18,25,044,21,23,13,014,16*7A
$GPGSV,5,2,17,24,05,072,,25,12,148,15,26,31,246,33,27,15,328,21*7E
$GPGSV,5,3,17,28,29,184,35,29,42,134,31,31,15,210,22,32,82,217,36*75
$GPGSV,5,4,17,36,52,277,,40,85,353,35,41,58,082,,49,32,274,*7B
$GPGSV,5,5,17,50,10,089,*4A
$GLGSV,3,1,11,68,07,018,,69,52,355,30,70,45,233,18,71,05,211,23*62
$GLGSV,3,2,11,73,15,231,29,80,16,177,33,81,00,137,,82,27,101,26*66
$GLGSV,3,3,11,83,33,041,20,84,06,352,,,,,32*66
$GNGLL,0419.93118,S,05539.66312,E,104843.00,A,A*64
$GLGSV,3,3,11,83,33,041,21,84,06,352,,,,,33*66
$GNGLL,0419.93119,S,05539.66309,E,104844.00,A,A*68
$GNRMC,104849.00,A,0419.93133,S,05539.66307,E,0.108,,260525,,,A*75
$GNVTG,,T,,M,0.108,N,0.200,K,A*36
$GNGGA,104849.00,0419.93133,S,05539.66307,E,1,12,0.71,40.5,M,-47.6,M,,*4A
$GNGSA,A,3,32,29,26,10,28,18,31,23,16,,,,1.53,0.71,1.35*12
$GNGSA,A,3,69,82,80,,,,,,,,,,1.53,0.71,1.35*17
$GPGSV,5,1,17,10,30,334,36,16,23,278,35,18,25,044,18,23,13,014,14*71
$GPGSV,5,2,17,24,05,072,,25,12,148,,26,31,246,31,27,15,328,21*78
$GPGSV,5,3,17,28,29,184,28,29,42,134,32,31,15,210,20,32,82,217,39*77
$GPGSV,5,4,17,36,52,277,,40,85,353,37,41,58,082,,49,32,274,*79
$GPGSV,5,5,17,50,10,089,*4A
$GLGSV,3,1,11,68,06,018,,69,51,355,26,70,46,234,18,71,05,211,21*61
$GLGSV,3,2,11,73,15,230,27,80,16,177,34,81,00,137,,82,27,101,26*6E
$GLGSV,3,3,11,83,33,041,19,84,06,352,,,,,33*6D
$GNGLL,0419.93133,S,05539.66307,E,104849.00,A,A*63
$GNRMC,104850.00,A,0419.93135,S,05539.66308,E,0.013,,260525,,,A*7F
$GNVTG,,T,,M,0.013,N,0.024,K,A*39
$GNGGA,104850.00,0419.93135,S,05539.66308,E,1,12,0.71,40.4,M,-47.6,M,,*4A
$GNGSA,A,3,32,29,26,10,28,18,31,23,16,,,,1.53,0.71,1.35*12
$GNGSA,A,3,69,82,80,,,,,,,,,,1.53,0.71,1.35*17
$GPGSV,5,1,17,10,30,334,32,16,23,278,35,18,25,044,17,23,13,014,14*7A
$GPGSV,5,2,17,24,05,072,,25,12,148,,26,31,246,31,27,15,328,20*79
$GPGSV,5,3,17,28,29,184,33,29,42,134,33,31,15,210,20,32,82,217,37*72
$GPGSV,5,4,17,36,52,277,,40,85,353,36,41,58,082,,49,32,274,*78
$GPGSV,5,5,17,50,10,089,*4A
$GLGSV,3,1,11,68,06,018,,69,51,355,32,70,46,234,19,71,05,211,20*64
$GLGSV,3,2,11,73,15,230,27,80,16,177,35,81,00,137,,82,27,101,23*6A
$GLGSV,3,3,11,83,33,041,20,84,06,352,,,,,35*61
$GNGLL,0419.93135,S,05539.66308,E,104850.00,A,A*62
$GNRMC,104851.00,A,0419.93138,S,05539.66308,E,0.058,,260525,,,A*7C
$GNVTG,,T,,M,0.058,N,0.107,K,A*36
$GNGGA,104851.00,0419.93138,S,05539.66308,E,1,12,0.71,40.4,M,-47.6,M,,*46
$GNGSA,A,3,32,29,26,10,28,18,31,23,16,,,,1.53,0.71,1.35*12
$GNGSA,A,3,69,82,80,,,,,,,,,,1.53,0.71,1.35*17
$GPGSV,5,1,17,10,30,334,32,16,23,278,36,18,25,044,15,23,13,014,15*7A
$GPGSV,5,2,17,24,05,072,,25,12,148,18,26,31,246,30,27,15,328,19*7B
$GPGSV,5,3,17,28,29,184,30,29,42,134,33,31,15,210,20,32,82,217,35*73
$GPGSV,5,4,17,36,52,277,,40,85,353,35,41,58,082,,49,32,274,*7B
$GPGSV,5,5,17,50,10,089,*4A
$GLGSV,3,1,11,68,06,018,,69,51,355,32,70,46,234,18,71,05,211,18*6E
$GLGSV,3,2,11,73,15,230,33,80,16,177,33,81,00,137,,82,27,101,22*68
$GLGSV,3,3,11,83,33,041,20,84,06,352,,,,,29*6C
$GNGLL,0419.93138,S,05539.66308,E,104851.00,A,A*6E
$GNRMC,104852.00,A,0419.93135,S,05539.66309,E,0.032,,260525,,,A*7F
$GNVTG,,T,,M,0.032,N,0.060,K,A*3A
$GNGGA,104852.00,0419.93135,S,05539.66309,E,1,12,0.71,40.4,M,-47.6,M,,*49
$GNGSA,A,3,32,29,26,10,28,18,31,23,16,,,,1.53,0.71,1.35*12
$GNGSA,A,3,69,82,80,,,,,,,,,,1.53,0.71,1.35*17
$GPGSV,5,1,17,10,30,334,37,16,23,278,33,18,25,044,15,23,13,014,13*7C
$GPGSV,5,2,17,24,05,072,,25,12,148,16,26,31,246,29,27,15,328,17*73
$GPGSV,5,3,17,28,29,184,34,29,42,134,36,31,15,210,24,32,82,217,36*75
$GPGSV,5,4,17,36,52,277,,40,85,353,35,41,58,082,,49,32,274,*7B
$GPGSV,5,5,17,50,10,089,*4A
$GLGSV,3,1,11,68,06,018,,69,51,355,32,70,46,234,19,71,05,211,18*6F
$GLGSV,3,2,11,73,15,230,27,80,16,177,31,81,00,137,,82,27,101,22*6F
$GLGSV,3,3,11,83,33,041,20,84,06,352,,,,,33*67
$GNGLL,0419.93135,S,05539.66309,E,104852.00,A,A*61
$GNRMC,104853.00,A,0419.93137,S,05539.66308,E,0.017,,260525,,,A*7A
$GNVTG,,T,,M,0.017,N,0.032,K,A*3A
$GNGGA,104853.00,0419.93137,S,05539.66308,E,1,12,0.71,40.4,M,-47.6,M,,*4B
$GNGSA,A,3,32,29,26,10,28,18,31,23,16,,,,1.53,0.71,1.35*12
$GNGSA,A,3,69,82,80,,,,,,,,,,1.53,0.71,1.35*17
$GPGSV,5,1,17,10,30,334,35,16,23,278,34,18,25,044,16,23,13,014,11*78
$GPGSV,5,2,17,24,05,072,,25,12,148,15,26,31,246,30,27,15,328,17*78
$GPGSV,5,3,17,28,29,184,31,29,42,134,36,31,15,210,21,32,82,217,37*74
$GPGSV,5,4,17,36,52,277,,40,85,353,32,41,58,082,,49,32,274,*7C
$GPGSV,5,5,17,50,10,089,*4A
$GLGSV,3,1,11,68,06,018,,69,51,355,27,70,46,234,20,71,05,211,17*6E
$GLGSV,3,2,11,73,15,230,28,80,16,177,35,81,00,137,,82,27,101,25*63
$GLGSV,3,3,11,83,33,041,20,84,06,352,,,,,36*62
$GNGLL,0419.93137,S,05539.66308,E,104853.00,A,A*63
$GNRMC,104854.00,A,0419.93136,S,05539.66311,E,0.135,,260525,,,A*75
$GNVTG,,T,,M,0.135,N,0.249,K,A*35
$GNGGA,104854.00,0419.93136,S,05539.66311,E,1,12,0.71,40.4,M,-47.6,M,,*45
$GNGSA,A,3,32,29,26,10,28,18,31,23,16,,,,1.53,0.71,1.35*12
$GNGSA,A,3,69,82,80,,,,,,,,,,1.53,0.71,1.35*17
$GPGSV,5,1,17,10,30,334,36,16,23,278,36,18,25,044,17,23,13,014,11*78
$GPGSV,5,2,17,24,05,072,,25,12,148,13,26,31,246,33,27,15,328,19*73
$GPGSV,5,3,17,28,29,184,31,29,42,134,34,31,15,210,19,32,82,217,39*73
$GPGSV,5,4,17,36,52,277,,40,85,353,35,41,58,082,,49,32,274,*7B
$GPGSV,5,5,17,50,10,089,*4A
$GLGSV,3,1,11,68,06,018,,69,51,355,28,70,46,234,19,71,05,211,17*6B
$GLGSV,3,2,11,73,15,230,27,80,16,177,31,81,00,137,,82,27,101,24*69
$GLGSV,3,3,11,83,33,041,18,84,06,352,,,,,35*6A
$GNGLL,0419.93136,S,05539.66311,E,104854.00,A,A*6D
$GNGGA,104855.00,0419.93136,S,05539.66308,E,1,12,0.74,40.5,M,-47.6,M,,*48
$GNGSA,A,3,32,29,26,10,28,18,31,25,16,,,,1.63,0.74,1.46*16
$GNGSA,A,3,69,82,80,,,,,,,,,,1.63,0.74,1.46*15
$GPGSV,5,1,17,10,30,334,35,16,23,278,36,18,25,044,18,23,13,014,09*7D
$GPGSV,5,2,17,24,05,072,,25,12,148,18,26,31,246,28,27,15,328,21*79
$GPGSV,5,3,17,28,29,184,24,29,42,134,36,31,15,210,18,32,82,217,38*75
$GPGSV,5,4,17,36,52,277,34,40,85,353,35,41,58,082,,49,32,274,*7C
$GPGSV,5,5,17,50,10,089,*4A
$GLGSV,3,1,11,68,06,018,,69,51,355,29,70,46,234,17,71,05,211,17*64
$GLGSV,3,2,11,73,15,230,28,80,16,177,31,81,00,137,,82,27,101,24*66
$GLGSV,3,3,11,83,33,041,18,84,06,352,,,,,35*6A
$GNGLL,0419.93136,S,05539.66308,E,104855.00,A,A*64
$GNRMC,104856.00,A,0419.93137,S,05539.66309,E,0.103,,260525,,,A*7A
$GNVTG,,T,,M,0.103,N,0.190,K,A*37
$GNGGA,104856.00,0419.93137,S,05539.66309,E,1,12,0.74,40.5,M,-47.6,M,,*4B
$GNGSA,A,3,32,29,26,10,28,18,31,25,16,,,,1.63,0.74,1.46*16
$GNGSA,A,3,69,82,80,,,,,,,,,,1.63,0.74,1.46*15
$GPGSV,5,1,17,10,30,334,32,16,23,278,34,18,25,044,18,23,13,014,07*76
$GPGSV,5,2,17,24,05,072,,25,12,148,19,26,31,246,29,27,15,328,18*73
$GPGSV,5,3,17,28,29,184,30,29,42,134,33,31,15,210,18,32,82,217,40*7A
$GPGSV,5,4,17,36,52,277,32,40,85,353,36,41,58,082,,49,32,274,*79
$GPGSV,5,5,17,50,10,089,*4A
$GLGSV,3,1,11,68,06,018,,69,51,355,28,70,46,234,15,71,05,211,17*67
$GLGSV,3,2,11,73,15,230,28,80,15,176,31,81,00,137,,82,27,101,25*65
$GLGSV,3,3,11,83,33,041,19,84,06,352,,,,,33*6D
$GNGLL,0419.93137,S,05539.66309,E,104856.00,A,A*67
$GNRMC,104857.00,A,0419.93138,S,05539.66311,E,0.062,,260525,,,A*7B
$GNVTG,,T,,M,0.062,N,0.115,K,A*3C
$GNGGA,104857.00,0419.93138,S,05539.66311,E,1,12,0.74,40.5,M,-47.6,M,,*4C
$GNGSA,A,3,32,29,26,10,28,18,31,25,16,,,,1.63,0.74,1.46*16
$GNGSA,A,3,69,82,80,,,,,,,,,,1.63,0.74,1.46*15
$GPGSV,5,1,17,10,30,334,36,16,23,278,35,18,25,044,16,23,13,014,06*7C
$GPGSV,5,2,17,24,05,072,,25,12,148,21,26,31,246,30,27,15,328,20*7B
$GPGSV,5,3,17,28,29,184,30,29,42,134,33,31,15,210,20,32,82,217,38*7E
$GPGSV,5,4,17,36,52,277,31,40,85,353,37,41,58,082,,49,32,274,*7B
$GPGSV,5,5,17,50,10,089,*4A
$GLGSV,3,1,10,68,06,018,,69,51,355,31,70,46,234,14,71,05,211,20*6B
$GLGSV,3,2,10,73,15,230,28,80,15,176,32,82,27,101,24,83,33,041,21*67
$GLGSV,3,3,10,84,06,352,,,,,33*5A
$GNGLL,0419.93138,S,05539.66311,E,104857.00,A,A*60
$GNRMC,104858.00,A,0419.93138,S,05539.66312,E,0.029,,260525,,,A*78
$GNVTG,,T,,M,0.029,N,0.054,K,A*37
$GNGGA,104858.00,0419.93138,S,05539.66312,E,1,12,0.74,40.6,M,-47.6,M,,*43
$GNGSA,A,3,32,29,26,10,28,18,31,25,16,,,,1.63,0.74,1.46*16
$GNGSA,A,3,69,82,80,,,,,,,,,,1.63,0.74,1.46*15
$GPGSV,5,1,17,10,30,334,31,16,23,278,34,18,25,044,14,23,13,014,06*78
$GPGSV,5,2,17,24,05,072,,25,12,148,21,26,31,246,29,27,15,328,21*72
$GPGSV,5,3,17,28,29,184,30,29,42,134,36,31,15,210,21,32,82,217,38*7A
$GPGSV,5,4,17,36,52,277,33,40,85,353,36,41,58,082,,49,32,274,*78
$GPGSV,5,5,17,50,10,089,*4A
$GLGSV,3,1,10,68,06,018,,69,51,355,26,70,46,234,15,71,05,211,20*6C
$GLGSV,3,2,10,73,15,230,19,80,15,176,32,82,27,102,24,83,33,041,20*67
$GLGSV,3,3,10,84,06,352,,,,,34*5D
$GNGLL,0419.93138,S,05539.66312,E,104858.00,A,A*6C
$GNRMC,104859.00,A,0419.93136,S,05539.66313,E,0.027,,260525,,,A*78
$GNVTG,,T,,M,0.027,N,0.049,K,A*35
$GNGGA,104859.00,0419.93136,S,05539.66313,E,1,12,0.74,40.6,M,-47.6,M,,*4D
$GNGSA,A,3,32,29,26,10,28,18,31,25,16,,,,1.63,0.74,1.46*16
$GNGSA,A,3,69,82,80,,,,,,,,,,1.63,0.74,1.46*15
$GPGSV,5,1,17,10,30,334,35,16,23,278,34,18,25,044,14,23,13,014,05*7F
$GPGSV,5,2,17,24,05,072,,25,12,148,19,26,31,246,31,27,15,328,21*70
$GPGSV,5,3,17,28,29,184,31,29,42,134,33,31,15,210,30,32,82,217,38*7E
$GPGSV,5,4,17,36,52,277,33,40,85,353,35,41,58,082,,49,32,274,*7B
$GPGSV,5,5,17,50,10,089,*4A
$GLGSV,3,1,10,68,06,018,,69,51,355,28,70,46,234,15,71,05,211,21*63
$GLGSV,3,2,10,73,15,230,25,80,15,176,32,82,27,102,23,83,34,041,21*69
$GLGSV,3,3,10,84,06,352,,,,,33*5A
$GNGLL,0419.93136,S,05539.66313,E,104859.00,A,A*62
$GNRMC,104900.00,A,0419.93138,S,05539.66313,E,0.041,,260525,,,A*7B
$GNVTG,,T,,M,0.041,N,0.077,K,A*38
$GNGGA,104900.00,0419.93138,S,05539.66313,E,1,12,0.74,40.6,M,-47.6,M,,*4E
$GNGSA,A,3,32,29,26,10,28,18,31,25,16,,,,1.63,0.74,1.46*16
$GNGSA,A,3,69,82,80,,,,,,,,,,1.63,0.74,1.46*15
$GPGSV,5,1,17,10,30,334,35,16,23,278,32,18,25,044,16,23,13,014,05*7B
$GPGSV,5,2,17,24,05,072,,25,12,148,17,26,31,246,29,27,15,328,19*7C
$GPGSV,5,3,17,28,29,184,32,29,42,134,34,31,15,210,25,32,82,217,39*7F
$GPGSV,5,4,17,36,52,277,32,40,85,353,30,41,58,082,,49,32,274,*7F
$GPGSV,5,5,17,50,10,089,*4A
$GLGSV,3,1,10,68,06,018,,69,51,355,29,70,46,234,16,71,05,211,19*6A
$GLGSV,3,2,10,73,15,230,31,80,15,176,31,82,27,102,26,83,34,041,21*6A
$GLGSV,3,3,10,84,07,352,,,,,34*5C
$GNGLL,0419.93138,S,05539.66313,E,104900.00,A,A*61
$GNRMC,104901.00,A,0419.93141,S,05539.66312,E,0.023,,260525,,,A*71
$GNVTG,,T,,M,0.023,N,0.043,K,A*3B
$GNGGA,104901.00,0419.93141,S,05539.66312,E,1,12,0.74,40.7,M,-47.6,M,,*41
$GNGSA,A,3,32,29,26,10,28,18,31,25,16,,,,1.63,0.74,1.46*16
$GNGSA,A,3,69,82,80,,,,,,,,,,1.63,0.74,1.46*15
$GPGSV,5,1,17,10,30,334,34,16,23,278,36,18,25,044,17,23,13,014,05*7F
$GPGSV,5,2,17,24,05,072,,25,12,148,16,26,31,246,35,27,15,328,16*7F
$GPGSV,5,3,17,28,29,184,30,29,42,134,34,31,15,210,25,32,82,217,39*7D
$GPGSV,5,4,17,36,52,277,31,40,85,353,34,41,58,082,,49,32,274,*78
$GPGSV,5,5,17,50,10,089,*4A
$GLGSV,3,1,10,68,06,018,,69,51,355,29,70,46,234,18,71,05,211,18*65
$GLGSV,3,2,10,73,15,230,30,80,15,176,33,82,27,102,26,83,34,041,21*69
$GLGSV,3,3,10,84,07,352,,,,,33*5B
$GNGLL,0419.93141,S,05539.66312,E,104901.00,A,A*6F
$GNRMC,104902.00,A,0419.93144,S,05539.66312,E,0.078,,260525,,,A*79
$GNVTG,,T,,M,0.078,N,0.144,K,A*33
$GNGGA,104902.00,0419.93144,S,05539.66312,E,1,12,0.74,40.7,M,-47.6,M,,*47
$GNGSA,A,3,32,29,26,10,28,18,31,25,16,,,,1.63,0.74,1.46*16
$GNGSA,A,3,69,82,80,,,,,,,,,,1.63,0.74,1.46*15
$GPGSV,5,1,17,10,30,334,35,16,23,278,35,18,25,044,18,23,13,014,05*72
$GPGSV,5,2,17,24,05,072,,25,12,148,18,26,31,246,34,27,15,328,20*75
$GPGSV,5,3,17,28,29,184,30,29,42,134,30,31,15,210,23,32,82,217,35*73
$GPGSV,5,4,17,36,52,277,29,40,85,353,37,41,58,082,,49,32,274,*72
$GPGSV,5,5,17,50,10,089,*4A
$GLGSV,3,1,10,68,06,018,,69,51,355,28,70,46,234,20,71,05,211,19*6E
$GLGSV,3,2,10,73,15,230,22,80,15,176,35,82,27,102,25,83,34,041,19*64
$GLGSV,3,3,10,84,07,352,,,,,36*5E
$GNGLL,0419.93144,S,05539.66312,E,104902.00,A,A*69
$GNRMC,104903.00,A,0419.93145,S,05539.66308,E,0.107,,260525,,,A*7B
$GNVTG,,T,,M,0.107,N,0.197,K,A*34
$GNGGA,104903.00,0419.93145,S,05539.66308,E,1,12,0.74,40.8,M,-47.6,M,,*43
$GNGSA,A,3,32,29,26,10,28,18,31,25,16,,,,1.63,0.74,1.46*16
$GNGSA,A,3,69,82,80,,,,,,,,,,1.63,0.74,1.46*15
$GPGSV,5,1,17,10,30,334,34,16,23,278,35,18,25,044,17,23,13,014,05*7C
$GPGSV,5,2,17,24,05,072,,25,12,148,20,26,31,246,28,27,15,328,20*73
$GPGSV,5,3,17,28,29,184,35,29,42,134,37,31,15,210,23,32,82,217,37*73
$GPGSV,5,4,17,36,52,277,34,40,85,353,37,41,58,082,,49,32,274,*7E
$GPGSV,5,5,17,50,10,089,*4A
$GLGSV,3,1,10,68,06,018,,69,51,355,30,70,46,234,17,71,05,211,18*62
$GLGSV,3,2,10,73,15,230,30,80,15,176,30,82,27,102,24,83,34,041,20*69
$GLGSV,3,3,10,84,07,352,,,,,33*5B
$GNGLL,0419.93145,S,05539.66308,E,104903.00,A,A*62
$GNRMC,104905.00,A,0419.93143,S,05539.66312,E,0.036,,260525,,,A*73
$GNVTG,,T,,M,0.036,N,0.067,K,A*39
$GNGGA,104905.00,0419.93143,S,05539.66312,E,1,12,0.74,40.8,M,-47.6,M,,*48
$GNGSA,A,3,32,29,26,10,28,18,31,25,16,,,,1.63,0.74,1.46*16
$GNGSA,A,3,69,82,80,,,,,,,,,,1.63,0.74,1.46*15
$GPGSV,5,1,17,10,30,334,33,16,23,278,34,18,25,044,15,23,13,014,05*78
$GPGSV,5,2,17,24,05,072,,25,12,148,20,26,31,246,24,27,15,328,19*75
$GPGSV,5,3,17,28,29,184,35,29,42,134,32,31,15,210,30,32,82,217,39*7A
$GPGSV,5,4,17,36,52,277,31,40,85,353,38,41,58,082,,49,32,274,*74
$GPGSV,5,5,17,50,10,089,*4A
$GLGSV,3,1,10,68,06,018,,69,51,355,27,70,46,234,16,71,05,211,18*65
$GLGSV,3,2,10,73,15,230,31,80,15,176,30,82,27,102,22,83,34,041,21*6F
$GLGSV,3,3,10,84,07,352,,,,,30*58
$GNGLL,0419.93143,S,05539.66312,E,104905.00,A,A*69
$GNRMC,104906.00,A,0419.93141,S,05539.66311,E,0.089,,260525,,,A*75
$GNVTG,,T,,M,0.089,N,0.164,K,A*3F
$GNGGA,104906.00,0419.93141,S,05539.66311,E,1,12,0.74,40.8,M,-47.6,M,,*4A
$GNGSA,A,3,32,29,26,10,28,18,31,25,16,,,,1.63,0.74,1.46*16
$GNGSA,A,3,69,82,80,,,,,,,,,,1.63,0.74,1.46*15
$GPGSV,5,1,17,10,30,334,28,16,23,278,33,18,25,044,17,23,13,014,05*77
$GPGSV,5,2,17,24,05,072,,25,12,148,17,26,31,246,24,27,15,328,18*70
$GPGSV,5,3,17,28,29,184,31,29,42,134,32,31,15,210,28,32,82,217,38*76
$GPGSV,5,4,17,36,52,277,31,40,85,353,36,41,58,082,,49,32,274,*7A
$GPGSV,5,5,17,50,10,089,*4A
$GLGSV,3,1,10,68,06,018,,69,51,355,32,70,46,234,17,71,05,211,21*6A
$GLGSV,3,2,10,73,15,230,32,80,15,176,30,82,27,102,22,83,34,041,22*6F
$GLGSV,3,3,10,84,07,352,,,,,34*5C
$GNGLL,0419.93141,S,05539.66311,E,104906.00,A,A*6B
$GLGSV,3,2,10,73,15,230,25,80,15,176,35,82,27,102,22,83,34,041,18*65
$GLGSV,3,3,10,84,07,352,,,,,37*5F
$GNGLL,0419.93141,S,05539.66313,E,104907.00,A,A*68
$GNRMC,104909.00,A,0419.93142,S,05539.66319,E,0.059,,260525,,,A*7C
$GNRMC,104910.00,A,0419.93144,S,05539.66320,E,0.078,,260525,,,A*7B
$GNVTG,,T,,M,0.078,N,0.144,K,A*33
$GNGGA,104910.00,0419.93144,S,05539.66320,E,1,12,0.74,40.7,M,-47.6,M,,*45
$GNGSA,A,3,32,29,26,10,28,18,31,25,16,,,,1.63,0.74,1.46*16
$GNGSA,A,3,69,82,80,,,,,,,,,,1.63,0.74,1.46*15
$GPGSV,5,1,17,10,30,334,31,16,23,278,36,18,25,044,11,23,13,014,05*7C
$GPGSV,5,2,17,24,05,072,,25,12,148,18,26,31,246,25,27,15,328,16*70
$GPGSV,5,3,17,28,29,184,31,29,42,134,32,31,15,210,20,32,82,217,39*7F
$GPGSV,5,4,17,36,52,277,30,40,85,353,35,41,58,082,,49,32,274,*78
$GPGSV,5,5,17,50,10,089,*4A
$GLGSV,3,1,10,68,06,018,,69,51,355,28,70,46,234,15,71,05,211,21*63
$GLGSV,3,2,10,73,15,230,29,80,15,176,32,82,27,102,21,83,34,041,19*6C
$GLGSV,3,3,10,84,07,352,,,,,35*5D
$GNGLL,0419.93144,S,05539.66320,E,104910.00,A,A*6B
$GNRMC,104911.00,A,0419.93145,S,05539.66324,E,0.144,,260525,,,A*71
$GNVTG,,T,,M,0.144,N,0.266,K,A*3E
$GNGGA,104911.00,0419.93145,S,05539.66324,E,1,12,0.74,40.5,M,-47.6,M,,*43
$GNGSA,A,3,32,29,26,10,28,18,31,25,16,,,,1.64,0.74,1.46*11
$GNGSA,A,3,69,82,80,,,,,,,,,,1.64,0.74,1.46*12
$GPGSV,5,1,17,10,30,334,35,16,23,278,35,18,25,044,15,23,13,014,05*7F
$GPGSV,5,2,17,24,05,072,,25,12,148,19,26,31,246,21,27,15,328,15*76
$GPGSV,5,3,17,28,29,184,34,29,42,134,33,31,15,210,22,32,82,217,36*76
$GPGSV,5,4,17,36,52,277,34,40,85,353,37,41,58,082,,49,32,274,*7E
$GPGSV,5,5,17,50,10,089,*4A
$GLGSV,3,1,10,68,06,018,,69,51,355,33,70,46,234,15,71,05,211,22*6A
$GLGSV,3,2,10,73,15,230,30,80,15,176,32,82,27,102,19,83,34,041,19*6F
$GLGSV,3,3,10,84,07,352,,,,,35*5D
$GNGLL,0419.93145,S,05539.66324,E,104911.00,A,A*6F
$GNRMC,104912.00,A,0419.93146,S,05539.66329,E,0.030,,260525,,,A*7E
$GNVTG,,T,,M,0.030,N,0.056,K,A*3D
$GNGGA,104912.00,0419.93146,S,05539.66329,E,1,12,0.74,40.5,M,-47.6,M,,*4E
$GNGSA,A,3,32,29,26,10,28,18,31,25,16,,,,1.64,0.74,1.46*11
$GNGSA,A,3,69,82,80,,,,,,,,,,1.64,0.74,1.46*12
$GPGSV,5,1,17,10,30,334,32,16,23,278,34,18,25,044,16,23,13,014,05*7A
$GPGSV,5,2,17,24,05,072,,25,12,148,20,26,31,246,25,27,15,328,17*7A
$GPGSV,5,3,17,28,29,184,30,29,42,134,32,31,15,210,24,32,82,217,38*7B
$GPGSV,5,4,17,36,52,277,34,40,85,353,38,41,58,082,,49,32,274,*71
$GPGSV,5,5,17,50,10,089,*4A
$GLGSV,3,1,10,68,06,018,,69,51,355,26,70,46,234,16,71,05,211,20*6F
$GLGSV,3,2,10,73,15,230,23,80,15,176,31,82,27,102,17,83,34,041,19*60
$GLGSV,3,3,10,84,07,352,,,,,32*5A
$GNGLL,0419.93146,S,05539.66329,E,104912.00,A,A*62
$GNRMC,104913.00,A,0419.93148,S,05539.66330,E,0.113,,260525,,,A*79
$GNVTG,,T,,M,0.113,N,0.210,K,A*3D
$GNGGA,104913.00,0419.93148,S,05539.66330,E,1,12,0.74,40.6,M,-47.6,M,,*4A
$GNGSA,A,3,32,29,26,10,28,18,31,25,16,,,,1.64,0.74,1.46*11
$GNGSA,A,3,69,82,80,,,,,,,,,,1.64,0.74,1.46*12
$GPGSV,5,1,17,10,30,334,33,16,23,278,35,18,25,044,15,23,13,014,*7C
$GPGSV,5,2,17,24,05,072,,25,12,148,20,26,31,246,27,27,15,328,18*77
$GPGSV,5,3,17,28,29,184,30,29,42,134,32,31,15,210,23,32,82,217,38*7C
$GPGSV,5,4,17,36,52,277,30,40,85,353,39,41,58,082,,49,32,274,*74
$GPGSV,5,5,17,50,10,089,*4A
$GLGSV,3,1,10,68,06,018,,69,51,355,28,70,46,234,16,71,05,211,20*61
$GLGSV,3,2,10,73,15,230,31,80,15,176,31,82,27,102,18,83,34,041,17*62
$GLGSV,3,3,10,84,07,352,,,,,34*5C
$GNGLL,0419.93148,S,05539.66330,E,104913.00,A,A*65
$GNRMC,104914.00,A,0419.93149,S,05539.66334,E,0.099,,260525,,,A*78
$GNVTG,,T,,M,0.099,N,0.183,K,A*37
$GNGGA,104914.00,0419.93149,S,05539.66334,E,1,12,0.74,40.5,M,-47.6,M,,*4B
$GNGSA,A,3,32,29,26,10,28,18,31,25,16,,,,1.64,0.74,1.46*11
$GNGSA,A,3,69,82,80,,,,,,,,,,1.64,0.74,1.46*12
$GPGSV,5,1,17,10,29,334,33,16,23,278,33,18,25,044,14,23,13,014,*73
$GPGSV,5,2,17,24,05,072,,25,12,148,22,26,31,246,26,27,15,328,20*7F
$GPGSV,5,3,17,28,29,184,29,29,42,134,30,31,15,210,23,32,82,217,36*78
$GPGSV,5,4,17,36,52,277,28,40,85,353,41,41,58,082,,49,32,274,*72
$GPGSV,5,5,17,50,10,089,*4A
$GLGSV,3,1,10,68,06,018,,69,51,355,27,70,46,234,16,71,05,211,19*64
$GLGSV,3,2,10,73,15,230,25,80,15,176,29,82,27,102,20,83,34,041,17*65
$GLGSV,3,3,10,84,07,352,,,,,32*5A
$GNGLL,0419.93149,S,05539.66334,E,104914.00,A,A*67
$GNRMC,104916.00,A,0419.93151,S,05539.66334,E,0.067,,260525,,,A*72
$GNVTG,,T,,M,0.067,N,0.123,K,A*3C
$GNGGA,104916.00,0419.93151,S,05539.66334,E,1,12,0.74,40.8,M,-47.6,M,,*4D
$GNGSA,A,3,32,29,26,10,28,18,31,25,16,,,,1.64,0.74,1.46*11
$GNGSA,A,3,69,82,80,,,,,,,,,,1.64,0.74,1.46*12
$GPGSV,5,1,17,10,29,334,32,16,23,278,33,18,25,044,12,23,13,014,15*70
$GPGSV,5,2,17,24,05,072,,25,12,148,21,26,31,246,30,27,15,328,20*7B
$GPGSV,5,3,17,28,29,184,33,29,42,134,29,31,15,210,26,32,82,217,37*7F
$GPGSV,5,4,17,36,52,277,29,40,85,353,35,41,58,082,,49,32,274,*70
$GPGSV,5,5,17,50,10,089,*4A
$GLGSV,3,1,10,68,06,018,,69,51,355,28,70,46,234,16,71,05,211,19*6B
$GLGSV,3,2,10,73,15,230,31,80,15,176,31,82,27,102,20,83,34,041,21*6C
$GLGSV,3,3,10,84,07,352,,,,,32*5A
$GNGLL,0419.93151,S,05539.66334,E,104916.00,A,A*6C
$GNRMC,104917.00,A,0419.93150,S,05539.66336,E,0.036,,260525,,,A*74
$GNVTG,,T,,M,0.036,N,0.066,K,A*38
$GNGGA,104917.00,0419.93150,S,05539.66336,E,1,12,0.74,40.8,M,-47.6,M,,*4F
$GNGSA,A,3,32,29,26,10,28,18,31,25,16,,,,1.64,0.74,1.46*11
$GNGSA,A,3,69,82,80,,,,,,,,,,1.64,0.74,1.46*12
$GPGSV,5,1,17,10,29,334,34,16,23,278,35,18,25,044,11,23,13,014,14*72
$GPGSV,5,2,17,24,05,072,,25,12,148,20,26,31,246,30,27,15,328,18*71
$GPGSV,5,3,17,28,29,184,26,29,42,134,34,31,15,210,26,32,82,217,39*79
$GPGSV,5,4,17,36,52,277,31,40,85,353,37,41,58,082,,49,32,274,*7B
$GPGSV,5,5,17,50,10,089,*4A
$GLGSV,3,1,10,68,06,018,,69,51,355,27,70,46,234,17,71,05,211,28*67
$GLGSV,3,2,10,73,15,230,30,80,15,176,33,82,27,102,19,83,34,041,21*65
$GLGSV,3,3,10,84,07,352,,,,,31*59
$GNGLL,0419.93150,S,05539.66336,E,104917.00,A,A*6E
$GNRMC,104918.00,A,0419.93148,S,05539.66340,E,0.056,,260525,,,A*75
$GNVTG,,T,,M,0.056,N,0.103,K,A*3C
$GNGGA,104918.00,0419.93148,S,05539.66340,E,1,12,0.77,40.8,M,-47.6,M,,*4B
$GNGSA,A,3,32,29,26,10,28,18,31,25,16,,,,1.68,0.77,1.50*19
$GNGSA,A,3,69,82,80,,,,,,,,,,1.68,0.77,1.50*1A
$GPGSV,5,1,17,10,29,334,22,16,23,278,33,18,25,044,14,23,13,014,15*77
$GPGSV,5,2,17,24,05,072,,25,12,148,19,26,31,246,31,27,15,328,16*74
$GPGSV,5,3,17,28,29,184,26,29,42,134,36,31,15,210,25,32,82,217,38*79
$GPGSV,5,4,17,36,52,277,31,40,85,353,37,41,58,082,,49,32,274,*7B
$GPGSV,5,5,17,50,10,089,*4A
$GLGSV,3,1,10,68,06,018,,69,51,355,30,70,46,234,17,71,05,211,26*6F
$GLGSV,3,2,10,73,15,230,30,80,15,176,33,82,27,102,19,83,34,041,20*64
$GLGSV,3,3,10,84,07,352,,,,,33*5B
$GNGLL,0419.93148,S,05539.66340,E,104918.00,A,A*69
$GNRMC,104919.00,A,0419.93138,S,05539.66348,E,0.083,,260525,,,A*73
$GNVTG,,T,,M,0.083,N,0.154,K,A*36
$GNGGA,104919.00,0419.93138,S,05539.66348,E,1,12,0.74,40.7,M,-47.6,M,,*49
$GNGSA,A,3,32,29,26,10,28,18,31,25,16,,,,1.64,0.74,1.46*11
$GNGSA,A,3,69,82,80,,,,,,,,,,1.64,0.74,1.46*12
$GPGSV,5,1,17,10,29,334,34,16,23,278,34,18,25,044,13,23,13,014,10*75
$GPGSV,5,2,17,24,05,072,,25,12,148,19,26,31,246,26,27,15,328,14*70
$GPGSV,5,3,17,28,29,184,35,29,42,134,32,31,15,210,22,32,82,217,38*78
$GPGSV,5,4,17,36,52,277,31,40,85,353,36,41,58,082,,49,32,274,*7A
$GPGSV,5,5,17,50,10,089,*4A
$GLGSV,3,1,10,68,06,018,,69,51,355,20,70,46,234,16,71,05,211,24*6D
$GLGSV,3,2,10,73,15,230,30,80,15,176,32,82,27,102,20,83,34,041,22*6D
$GLGSV,3,3,10,84,07,352,,,,,34*5C
$GNGLL,0419.93138,S,05539.66348,E,104919.00,A,A*67
$GNRMC,104920.00,A,0419.93130,S,05539.66356,E,0.151,,260525,,,A*70
$GNVTG,,T,,M,0.151,N,0.280,K,A*32
$GNGGA,104920.00,0419.93130,S,05539.66356,E,1,12,0.74,40.6,M,-47.6,M,,*45
$GNGSA,A,3,32,29,26,10,28,18,31,25,16,,,,1.64,0.74,1.46*11
$GNGSA,A,3,69,82,80,,,,,,,,,,1.64,0.74,1.46*12
$GPGSV,5,1,17,10,29,334,33,16,23,277,33,18,25,044,11,23,13,014,08*71
$GPGSV,5,2,17,24,05,072,,25,12,148,21,26,31,246,25,27,15,328,17*7B
$GPGSV,5,3,17,28,29,184,31,29,42,134,33,31,15,210,21,32,82,217,39*7F
$GPGSV,5,4,17,36,52,277,29,40,85,353,34,41,58,082,,49,32,274,*71
$GPGSV,5,5,17,50,10,089,*4A
$GLGSV,3,1,10,68,06,018,,69,51,355,28,70,46,234,15,71,05,211,20*62
$GLGSV,3,2,10,73,15,230,23,80,15,176,31,82,27,102,19,83,34,041,23*67
$GLGSV,3,3,10,84,07,352,,,,,35*5D
$GNGLL,0419.93130,S,05539.66356,E,104920.00,A,A*6A
$GNRMC,104924.00,A,0419.93125,S,05539.66359,E,0.059,,260525,,,A*76
$GNVTG,,T,,M,0.059,N,0.110,K,A*31
$GNGGA,104924.00,0419.93125,S,05539.66359,E,1,12,0.74,40.6,M,-47.6,M,,*4A
$GNGSA,A,3,32,29,26,10,28,18,31,23,25,16,,,1.64,0.74,1.46*10
$GNGSA,A,3,69,82,80,,,,,,,,,,1.64,0.74,1.46*12
$GPGSV,5,1,17,10,29,334,36,16,23,277,34,18,25,045,18,23,13,014,12*70
$GPGSV,5,2,17,24,05,072,,25,12,148,20,26,31,246,28,27,15,328,21*72
$GPGSV,5,3,17,28,29,184,33,29,42,134,31,31,15,210,24,32,82,217,36*75
$GPGSV,5,4,17,36,52,277,27,40,85,353,38,41,58,082,,49,32,274,*73
$GPGSV,5,5,17,50,10,089,*4A
$GLGSV,3,1,10,68,06,018,,69,51,355,29,70,46,234,12,71,05,211,14*63
$GLGSV,3,2,10,73,15,230,30,80,15,176,31,82,27,102,20,83,34,041,17*68
$GLGSV,3,3,10,84,07,352,,,,,32*5A
$GNGLL,0419.93125,S,05539.66359,E,104924.00,A,A*65
$GNRMC,104928.00,A,0419.93130,S,05539.66359,E,0.159,,260525,,,A*7F
$GNVTG,,T,,M,0.159,N,0.295,K,A*3E
$GNGGA,104928.00,0419.93130,S,05539.66359,E,1,12,0.74,40.4,M,-47.6,M,,*40
$GNGSA,A,3,32,29,26,10,28,18,31,23,25,16,,,1.64,0.74,1.46*10
$GNGSA,A,3,69,82,80,,,,,,,,,,1.64,0.74,1.46*12
$GPGSV,5,1,17,10,29,334,34,16,23,277,33,18,25,045,17,23,13,015,11*78
$GPGSV,5,2,17,24,05,072,,25,12,148,19,26,31,246,25,27,15,328,17*70
$GPGSV,5,3,17,28,29,184,32,29,42,134,26,31,15,210,26,32,82,217,39*7F
$GPGSV,5,4,17,36,52,277,28,40,85,353,35,41,58,082,,49,32,274,*71
$GPGSV,5,5,17,50,10,089,*4A
$GLGSV,3,1,10,68,06,018,,69,51,355,28,70,46,234,18,71,05,211,25*6A
$GLGSV,3,2,10,73,15,230,33,80,15,176,33,82,27,102,20,83,34,041,14*6A
$GLGSV,3,3,10,84,07,352,,,,,31*59
$GNGLL,0419.93130,S,05539.66359,E,104928.00,A,A*6D
$GNRMC,104929.00,A,0419.93130,S,05539.66363,E,0.148,,260525,,,A*77
$GNVTG,,T,,M,0.148,N,0.273,K,A*36
$GNGGA,104929.00,0419.93130,S,05539.66363,E,1,12,0.74,40.3,M,-47.6,M,,*4F
$GNGSA,A,3,32,29,26,10,28,18,31,25,16,,,,1.64,0.74,1.46*11
$GNGSA,A,3,69,82,80,,,,,,,,,,1.64,0.74,1.46*12
$GPGSV,5,1,17,10,29,334,34,16,23,277,34,18,25,045,16,23,13,015,10*7F
$GPGSV,5,2,17,24,05,072,,25,12,148,18,26,31,246,21,27,15,328,17*75
$GPGSV,5,3,17,28,29,184,34,29,42,134,32,31,15,210,24,32,82,217,36*71
$GPGSV,5,4,17,36,52,277,28,40,85,353,33,41,58,082,,49,32,274,*77
$GPGSV,5,5,17,50,10,089,*4A
$GLGSV,3,1,10,68,06,018,,69,51,355,20,70,46,234,16,71,05,211,22*6B
$GLGSV,3,2,10,73,15,230,33,80,15,176,35,82,27,102,18,83,34,041,17*64
$GLGSV,3,3,10,84,07,352,,,,,35*5D
$GNGLL,0419.93130,S,05539.66363,E,104929.00,A,A*65
$GNRMC,104930.00,A,0419.93129,S,05539.66362,E,0.071,,260525,,,A*7D
$GNVTG,,T,,M,0.071,N,0.132,K,A*3B
$GNGGA,104930.00,0419.93129,S,05539.66362,E,1,12,0.74,40.3,M,-47.6,M,,*4E
$GNGSA,A,3,32,29,26,10,28,18,31,23,25,16,,,1.64,0.74,1.46*10
$GNGSA,A,3,69,82,80,,,,,,,,,,1.64,0.74,1.46*12
$GPGSV,5,1,17,10,29,334,28,16,23,277,33,18,25,045,14,23,13,015,11*76
$GPGSV,5,2,17,24,05,072,,25,12,148,19,26,31,246,29,27,15,327,16*72
$GPGSV,5,3,17,28,29,184,36,29,42,134,30,31,15,210,24,32,82,217,36*71
$GPGSV,5,4,17,36,52,277,27,40,85,353,36,41,58,082,,49,32,274,*7D
$GPGSV,5,5,17,50,10,089,*4A
$GLGSV,3,1,10,68,06,018,,69,51,355,29,70,46,234,13,71,05,211,24*61
$GLGSV,3,2,10,73,15,230,29,80,15,176,31,82,27,102,19,83,34,041,17*6A
$GLGSV,3,3,10,84,07,352,,,,,30*58
$GNGLL,0419.93129,S,05539.66362,E,104930.00,A,A*64
$GNRMC,104931.00,A,0419.93131,S,05539.66354,E,0.053,,260525,,,A*70
$GNVTG,,T,,M,0.053,N,0.098,K,A*3A
$GNGGA,104931.00,0419.93131,S,05539.66354,E,1,12,0.74,40.5,M,-47.6,M,,*45
$GNGSA,A,3,32,29,26,10,28,18,31,23,25,16,,,1.64,0.74,1.46*10
$GNGSA,A,3,69,82,80,,,,,,,,,,1.64,0.74,1.46*12
$GPGSV,5,1,17,10,29,334,33,16,23,277,30,18,25,045,12,23,13,015,11*79
$GPGSV,5,2,17,24,05,072,,25,12,148,18,26,31,246,24,27,15,327,17*7F
$GPGSV,5,3,17,28,30,184,33,29,42,134,29,31,15,210,24,32,82,217,36*74
$GPGSV,5,4,17,36,52,277,,40,85,353,34,41,58,082,,49,32,274,*7A
$GPGSV,5,5,17,50,10,089,*4A
$GNRMC,104932.00,A,0419.93138,S,05539.66346,E,0.124,,260525,,,A*78
$GNVTG,,T,,M,0.124,N,0.230,K,A*3B
$GNGGA,104932.00,0419.93138,S,05539.66346,E,1,12,0.68,40.5,M,-47.6,M,,*41
$GNGSA,A,3,32,29,26,10,28,18,31,23,25,16,,,1.45,0.68,1.29*17
$GNGSA,A,3,69,82,80,,,,,,,,,,1.45,0.68,1.29*15
$GPGSV,5,1,17,10,29,334,28,16,23,277,33,18,25,045,11,23,13,015,11*73
$GPGSV,5,2,17,24,05,072,,25,12,148,17,26,31,246,25,27,15,327,18*7E
$GPGSV,5,3,17,28,30,184,36,29,42,135,18,31,15,210,23,32,82,217,38*7B
$GPGSV,5,4,17,36,52,277,,40,85,353,31,41,58,082,,49,32,274,*7F
$GPGSV,5,5,17,50,10,089,*4A
$GLGSV,3,1,10,68,06,018,,69,51,355,20,70,46,234,,71,05,211,20*6E
$GLGSV,3,2,10,73,15,230,27,80,15,176,27,82,27,102,14,83,34,041,*68
$GLGSV,3,3,10,84,07,352,,,,,25*5C
$GNGLL,0419.93138,S,05539.66346,E,104932.00,A,A*60
$GNRMC,104933.00,A,0419.93139,S,05539.66345,E,0.070,,260525,,,A*7B
$GNVTG,,T,,M,0.070,N,0.129,K,A*30
$GNGGA,104933.00,0419.93139,S,05539.66345,E,1,11,0.80,40.6,M,-47.6,M,,*44
$GNGSA,A,3,32,29,26,10,28,18,31,25,16,,,,1.67,0.80,1.46*19
$GNGSA,A,3,69,80,,,,,,,,,,,1.67,0.80,1.46*10
$GPGSV,5,1,17,10,29,334,29,16,23,277,32,18,25,045,11,23,13,015,09*7A
$GPGSV,5,2,17,24,05,072,,25,12,148,16,26,31,246,32,27,15,327,18*79
$GPGSV,5,3,17,28,30,184,32,29,42,135,28,31,15,210,22,32,82,217,36*73
$GPGSV,5,4,17,36,52,277,,40,85,353,34,41,58,082,,49,32,274,*7A
$GPGSV,5,5,17,50,10,089,*4A
$GLGSV,3,1,10,68,06,018,,69,51,355,20,70,46,234,,71,05,211,17*6A
$GLGSV,3,2,10,73,15,230,27,80,15,176,29,82,27,102,10,83,34,041,*62
$GLGSV,3,3,10,84,07,352,,,,,31*59
$GNGLL,0419.93139,S,05539.66345,E,104933.00,A,A*63
$GNRMC,104935.00,A,0419.93141,S,05539.66347,E,0.063,,260525,,,A*72
$GNVTG,,T,,M,0.063,N,0.117,K,A*3F
$GNGGA,104935.00,0419.93141,S,05539.66347,E,1,12,0.80,40.7,M,-47.6,M,,*4D
$GNGSA,A,3,32,29,26,10,28,18,31,23,25,16,,,1.67,0.80,1.46*18
$GNGSA,A,3,69,80,,,,,,,,,,,1.67,0.80,1.46*10
$GPGSV,5,1,17,10,29,334,34,16,23,277,32,18,25,045,11,23,13,015,11*7F
$GPGSV,5,2,17,24,05,072,,25,12,148,17,26,31,246,29,27,15,327,15*7F
$GPGSV,5,3,17,28,30,184,32,29,42,135,28,31,15,209,23,32,83,219,36*75
$GPGSV,5,4,17,36,52,277,,40,85,353,34,41,58,082,,49,32,274,*7A
$GPGSV,5,5,17,50,10,089,*4A
$GLGSV,3,1,10,68,06,018,,69,51,355,24,70,46,234,,71,05,211,18*61
$GLGSV,3,2,10,73,15,230,28,80,15,176,29,82,27,102,07,83,34,041,*6B
$GLGSV,3,3,10,84,07,352,,,,,26*5F
$GNGLL,0419.93141,S,05539.66347,E,104935.00,A,A*68
$GNRMC,104936.00,A,0419.93137,S,05539.66351,E,0.142,,260525,,,A*75
$GNVTG,,T,,M,0.142,N,0.263,K,A*3D
$GNGGA,104936.00,0419.93137,S,05539.66351,E,1,12,0.80,40.6,M,-47.6,M,,*49
$GNGSA,A,3,32,29,26,10,28,18,31,23,25,16,,,1.67,0.80,1.46*18
$GNGSA,A,3,69,80,,,,,,,,,,,1.67,0.80,1.46*10
$GPGSV,5,1,17,10,29,334,33,16,23,277,30,18,25,045,11,23,13,015,12*79
$GPGSV,5,2,17,24,05,072,,25,12,148,18,26,31,246,28,27,15,327,12*76
$GPGSV,5,3,17,28,30,184,30,29,42,135,27,31,15,209,22,32,83,219,34*7B
$GPGSV,5,4,17,36,52,277,,40,85,353,28,41,58,082,,49,32,274,*77
$GPGSV,5,5,17,50,10,089,*4A
$GLGSV,3,1,10,68,06,018,,69,51,355,25,70,46,234,,71,05,211,17*6F
$GLGSV,3,2,10,73,15,230,29,80,15,176,29,82,27,102,07,83,34,041,*6A
$GLGSV,3,3,10,84,07,352,,,,,30*58
$GNGLL,0419.93137,S,05539.66351,E,104936.00,A,A*6D
$GNRMC,104939.00,A,0419.93133,S,05539.66360,E,0.023,,260525,,,A*7A
$GNVTG,,T,,M,0.023,N,0.043,K,A*3B
$GNGGA,104939.00,0419.93133,S,05539.66360,E,1,12,0.74,40.1,M,-47.6,M,,*4C
$GNGSA,A,3,32,29,26,10,28,18,31,25,16,,,,1.64,0.74,1.46*11
$GNGSA,A,3,69,82,80,,,,,,,,,,1.64,0.74,1.46*12
$GPGSV,5,1,17,10,29,334,33,16,23,277,35,18,25,045,13,23,13,015,08*75
$GPGSV,5,2,17,24,05,072,,25,12,148,16,26,31,246,27,27,15,327,22*74
$GPGSV,5,3,17,28,30,184,32,29,42,135,26,31,15,209,23,32,83,219,36*7B
$GPGSV,5,4,17,36,52,277,,40,85,353,35,41,58,082,,49,32,274,*7B
$GPGSV,5,5,17,50,10,089,*4A
$GLGSV,3,1,10,68,06,018,,69,51,355,27,70,46,234,,71,05,211,22*6B
$GLGSV,3,2,10,73,15,230,33,80,15,176,31,82,27,102,11,83,34,041,*6F
$GLGSV,3,3,10,84,07,352,,,,,33*5B
$GNGLL,0419.93133,S,05539.66360,E,104939.00,A,A*64
$GNRMC,104943.00,A,0419.93128,S,05539.66376,E,0.028,,260525,,,A*71
$GNVTG,,T,,M,0.028,N,0.052,K,A*30
$GNGGA,104943.00,0419.93128,S,05539.66376,E,1,12,0.74,40.3,M,-47.6,M,,*4E
$GNGSA,A,3,32,29,26,10,28,18,31,25,16,,,,1.64,0.74,1.46*11
$GNGSA,A,3,69,82,80,,,,,,,,,,1.64,0.74,1.46*12
$GPGSV,5,1,17,10,29,334,35,16,23,277,34,18,25,045,11,23,13,015,07*7F
$GPGSV,5,2,17,24,05,072,,25,12,148,18,26,31,246,23,27,15,327,22*7E
$GPGSV,5,3,17,28,30,184,32,29,42,135,25,31,15,209,22,32,83,219,38*77
$GPGSV,5,4,17,36,52,277,,40,84,353,33,41,58,082,,49,32,274,*7C
$GPGSV,5,5,17,50,10,089,*4A
$GLGSV,3,1,10,68,06,018,,69,51,355,26,70,46,234,,71,05,211,17*6C
$GLGSV,3,2,10,73,15,230,29,80,15,176,32,82,27,102,17,83,34,041,*61
$GLGSV,3,3,10,84,07,352,,,,,32*5A
$GNGLL,0419.93128,S,05539.66376,E,104943.00,A,A*64
$GNRMC,104945.00,A,0419.93126,S,05539.66381,E,0.142,,260525,,,A*7C
$GNVTG,,T,,M,0.142,N,0.263,K,A*3D
$GNGGA,104945.00,0419.93126,S,05539.66381,E,1,12,0.74,40.0,M,-47.6,M,,*4D
$GNGSA,A,3,32,29,26,10,28,18,31,25,16,,,,1.64,0.74,1.46*11
$GNGSA,A,3,69,82,80,,,,,,,,,,1.64,0.74,1.46*12
$GPGSV,5,1,17,10,29,334,35,16,23,277,35,18,25,045,11,23,13,015,07*7E
$GPGSV,5,2,17,24,05,072,,25,12,148,17,26,31,246,17,27,15,327,23*77
$GPGSV,5,3,17,28,30,184,31,29,42,135,16,31,15,209,21,32,83,219,39*76
$GPGSV,5,4,17,36,52,277,,40,84,353,36,41,58,082,,49,32,274,*79
$GPGSV,5,5,17,50,10,089,*4A
$GNRMC,104946.00,A,0419.93121,S,05539.66386,E,0.112,,260525,,,A*7A
$GNVTG,,T,,M,0.112,N,0.208,K,A*35
$GNGGA,104946.00,0419.93121,S,05539.66386,E,1,12,0.74,39.9,M,-47.6,M,,*49
$GNGSA,A,3,32,29,26,10,28,18,31,25,16,,,,1.64,0.74,1.46*11
$GNGSA,A,3,69,82,80,,,,,,,,,,1.64,0.74,1.46*12
$GPGSV,5,1,17,10,29,334,30,16,23,277,30,18,25,045,11,23,13,015,07*7E
$GPGSV,5,2,17,24,05,072,,25,12,148,18,26,31,246,19,27,15,327,21*74
$GPGSV,5,3,17,28,30,184,30,29,42,135,21,31,15,209,25,32,83,219,35*7B
$GPGSV,5,4,17,36,52,277,,40,84,353,28,41,58,082,,49,32,274,*76
$GPGSV,5,5,17,50,10,089,*4A
$GLGSV,3,1,10,68,06,018,,69,51,355,24,70,46,234,,71,05,211,13*6A
$GLGSV,3,2,10,73,15,230,26,80,15,176,28,82,27,102,12,83,34,041,*60
$GLGSV,3,3,10,84,07,352,,,,,27*5E
$GNGLL,0419.93121,S,05539.66386,E,104946.00,A,A*67
$GNRMC,104947.00,A,0419.93116,S,05539.66390,E,0.181,,260525,,,A*72
$GNVTG,,T,,M,0.181,N,0.336,K,A*33
$GNGGA,104947.00,0419.93116,S,05539.66390,E,1,12,0.74,39.6,M,-47.6,M,,*44
$GNGSA,A,3,32,29,26,10,28,18,31,25,16,,,,1.64,0.74,1.46*11
$GNGSA,A,3,69,82,80,,,,,,,,,,1.64,0.74,1.46*12
$GPGSV,5,1,17,10,29,334,30,16,23,277,30,18,25,045,11,23,13,015,07*7E
$GPGSV,5,2,17,24,05,072,,25,12,148,16,26,31,246,23,27,15,327,19*78
$GPGSV,5,3,17,28,30,184,33,29,42,135,30,31,15,209,23,32,83,219,37*7C
$GPGSV,5,4,17,36,52,277,,40,84,353,36,41,58,082,,49,32,274,*79
$GPGSV,5,5,17,50,10,089,*4A
$GLGSV,3,1,10,68,06,018,,69,51,355,25,70,46,234,,71,05,211,16*6E
$GLGSV,3,2,10,73,15,230,26,80,15,176,28,82,27,102,12,83,34,041,*60
$GLGSV,3,3,10,84,07,352,,,,,27*5E
$GNGLL,0419.93116,S,05539.66390,E,104947.00,A,A*65
$GNRMC,104948.00,A,0419.93114,S,05539.66391,E,0.076,,260525,,,A*77
$GNVTG,,T,,M,0.076,N,0.140,K,A*39
$GNGGA,104948.00,0419.93114,S,05539.66391,E,1,12,0.74,39.5,M,-47.6,M,,*4B
$GNGSA,A,3,32,29,26,10,28,18,31,25,16,,,,1.64,0.74,1.46*11
$GNGSA,A,3,69,82,80,,,,,,,,,,1.64,0.74,1.46*12
$GPGSV,5,1,17,10,29,334,31,16,23,277,34,18,25,045,11,23,13,015,07*7B
$GPGSV,5,2,17,24,05,072,,25,12,148,18,26,31,246,31,27,15,327,*7D
$GPGSV,5,3,17,28,30,184,32,29,42,135,32,31,15,209,23,32,83,219,38*70
$GNRMC,104949.00,A,0419.93117,S,05539.66392,E,0.071,,260525,,,A*71
$GNVTG,,T,,M,0.071,N,0.132,K,A*3B
$GNGGA,104949.00,0419.93117,S,05539.66392,E,1,10,1.10,39.5,M,-47.6,M,,*4B
$GNGSA,A,3,32,29,26,10,28,31,25,16,,,,,1.96,1.10,1.62*10
$GNGSA,A,3,69,80,,,,,,,,,,,1.96,1.10,1.62*10
$GPGSV,5,1,17,10,29,334,31,16,23,277,29,18,25,045,,23,13,015,07*77
$GPGSV,5,2,17,24,05,072,,25,12,148,18,26,31,246,24,27,15,327,*79
$GPGSV,5,3,17,28,30,184,27,29,42,135,27,31,15,209,21,32,83,219,37*7D
$GPGSV,5,4,17,36,52,277,29,40,84,353,34,41,58,082,,49,32,274,*70
$GPGSV,5,5,17,50,10,089,*4A
$GLGSV,3,1,10,68,06,018,,69,51,355,30,70,46,234,19,71,05,211,22*65
$GLGSV,3,2,10,73,15,230,32,80,15,176,33,82,27,102,,83,34,041,*6C
$GLGSV,3,3,10,84,07,352,,,,,32*5A
$GNGLL,0419.93117,S,05539.66392,E,104949.00,A,A*68
$GNRMC,104950.00,A,0419.93116,S,05539.66390,E,0.203,,260525,,,A*7D
$GNVTG,,T,,M,0.203,N,0.377,K,A*3F
$GNGGA,104950.00,0419.93116,S,05539.66390,E,1,10,1.01,39.4,M,-47.6,M,,*41
$GNGSA,A,3,32,29,26,10,28,31,25,16,,,,,1.90,1.01,1.61*15
$GNGSA,A,3,69,80,,,,,,,,,,,1.90,1.01,1.61*15
$GPGSV,5,1,17,10,29,334,31,16,23,277,32,18,25,045,24,23,13,015,07*7B
$GPGSV,5,2,17,24,05,072,,25,12,148,18,26,31,246,30,27,15,327,*7C
$GPGSV,5,3,17,28,30,184,30,29,42,135,28,31,15,209,19,32,83,219,34*7C
$GPGSV,5,4,17,36,52,277,30,40,84,353,34,41,58,082,,49,32,274,*78
$GPGSV,5,5,17,50,10,089,*4A
$GLGSV,3,1,10,68,06,018,,69,51,355,24,70,46,234,17,71,05,211,20*6C
$GLGSV,3,2,10,73,15,230,26,80,15,176,31,82,27,102,,83,34,041,*6B
$GLGSV,3,3,10,84,07,352,,,,,29*50
$GNGLL,0419.93116,S,05539.66390,E,104950.00,A,A*63
$GNRMC,104951.00,A,0419.93117,S,05539.66388,E,0.164,,260525,,,A*76
$GNVTG,,T,,M,0.164,N,0.303,K,A*3E
$GNGGA,104951.00,0419.93117,S,05539.66388,E,1,10,1.01,39.3,M,-47.6,M,,*4F
$GNGSA,A,3,32,29,26,10,28,31,25,16,,,,,1.90,1.01,1.61*15
$GNGSA,A,3,69,80,,,,,,,,,,,1.90,1.01,1.61*15
$GPGSV,5,1,17,10,29,334,34,16,23,277,32,18,25,045,21,23,13,015,07*7B
$GPGSV,5,2,17,24,05,072,,25,12,148,17,26,31,246,24,27,15,327,22*76
$GPGSV,5,3,17,28,30,184,29,29,42,135,29,31,15,209,21,32,83,219,39*73
$GPGSV,5,4,17,36,52,277,30,40,84,353,34,41,58,082,,49,32,274,*78
$GPGSV,5,5,17,50,10,089,*4A
$GLGSV,3,1,10,68,06,018,,69,51,355,22,70,46,234,14,71,05,211,20*69
$GLGSV,3,2,10,73,15,230,29,80,15,176,30,82,27,102,,83,34,041,*65
$GLGSV,3,3,10,84,07,352,,,,,31*59
$GNGLL,0419.93117,S,05539.66388,E,104951.00,A,A*6A
$GNRMC,104952.00,A,0419.93116,S,05539.66389,E,0.086,,260525,,,A*78
$GNVTG,,T,,M,0.086,N,0.158,K,A*3F
$GNGGA,104952.00,0419.93116,S,05539.66389,E,1,10,1.01,39.2,M,-47.6,M,,*4D
$GNGSA,A,3,32,29,26,10,28,31,25,16,,,,,1.90,1.01,1.61*15
$GNGSA,A,3,69,80,,,,,,,,,,,1.90,1.01,1.61*15
$GPGSV,5,1,17,10,29,334,34,16,23,277,36,18,25,045,19,23,13,015,07*74
$GPGSV,5,2,17,24,05,072,,25,12,148,18,26,31,246,23,27,15,327,21*7D
$GNRMC,104953.00,A,0419.93109,S,05539.66396,E,0.297,,260525,,,A*7B
$GNRMC,104954.00,A,0419.93108,S,05539.66396,E,0.103,,260525,,,A*73
$GNVTG,,T,,M,0.103,N,0.191,K,A*36
$GNGGA,104954.00,0419.93108,S,05539.66396,E,1,11,0.80,39.0,M,-47.6,M,,*41
$GNGSA,A,3,32,29,26,10,28,18,31,25,16,,,,1.67,0.80,1.47*18
$GNGSA,A,3,69,80,,,,,,,,,,,1.67,0.80,1.47*11
$GPGSV,5,1,17,10,29,334,31,16,23,277,33,18,25,045,16,23,13,015,07*7B
$GNRMC,104955.00,A,0419.93108,S,05539.66391,E,0.082,,260525,,,A*7D
$GNVTG,,T,,M,0.082,N,0.152,K,A*31
$GNGGA,104955.00,0419.93108,S,05539.66391,E,1,11,0.80,39.0,M,-47.6,M,,*47
$GNGSA,A,3,32,29,26,10,28,18,31,25,16,,,,1.67,0.80,1.47*18
$GNGSA,A,3,69,80,,,,,,,,,,,1.67,0.80,1.47*11
$GPGSV,5,1,17,10,29,334,31,16,23,277,31,18,25,045,17,23,13,015,*7F
$GPGSV,5,2,17,24,05,072,,25,12,148,17,26,31,246,25,27,15,327,16*70
$GPGSV,5,3,17,28,30,184,33,29,42,135,28,31,15,209,21,32,83,219,35*75
$GPGSV,5,4,17,36,52,277,30,40,84,353,36,41,58,082,,49,32,274,*7A
$GPGSV,5,5,17,50,10,089,*4A
$GLGSV,3,1,10,68,06,018,,69,51,355,25,70,46,234,15,71,05,211,21*6E
$GLGSV,3,2,10,73,15,230,27,80,15,176,30,82,27,102,,83,34,041,*6B
$GLGSV,3,3,10,84,07,352,,,,,35*5D
$GNGLL,0419.93108,S,05539.66391,E,104955.00,A,A*68
$GNRMC,104956.00,A,0419.93109,S,05539.66387,E,0.025,,260525,,,A*75
$GNVTG,,T,,M,0.025,N,0.047,K,A*39
$GNGGA,104956.00,0419.93109,S,05539.66387,E,1,11,0.80,39.0,M,-47.6,M,,*42
$GNGSA,A,3,32,29,26,10,28,18,31,25,16,,,,1.67,0.80,1.47*18
$GNGSA,A,3,69,80,,,,,,,,,,,1.67,0.80,1.47*11
$GPGSV,5,1,17,10,29,334,33,16,23,277,31,18,25,045,18,23,13,015,*72
$GPGSV,5,2,17,24,05,072,,25,12,148,18,26,31,246,25,27,15,327,14*7D
$GPGSV,5,3,17,28,30,184,31,29,42,135,30,31,15,209,18,32,83,219,37*76
$GPGSV,5,4,17,36,52,277,30,40,84,353,29,41,58,082,,49,32,274,*74
$GPGSV,5,5,17,50,10,089,*4A
$GLGSV,3,1,10,68,06,018,,69,51,355,30,70,46,234,17,71,05,211,22*6B
$GLGSV,3,2,10,73,15,230,28,80,15,176,34,82,27,102,,83,34,041,18*69
$GLGSV,3,3,10,84,07,352,,,,,35*5D
$GNGLL,0419.93109,S,05539.66387,E,104956.00,A,A*6D
$GNRMC,104957.00,A,0419.93110,S,05539.66386,E,0.053,,260525,,,A*7C
$GNVTG,,T,,M,0.053,N,0.098,K,A*3A
$GNGGA,104957.00,0419.93110,S,05539.66386,E,1,11,0.80,38.9,M,-47.6,M,,*42
$GNGSA,A,3,32,29,26,10,28,18,31,25,16,,,,1.67,0.80,1.47*18
$GNGSA,A,3,69,80,,,,,,,,,,,1.67,0.80,1.47*11
$GPGSV,5,1,17,10,29,334,32,16,23,277,31,18,25,045,19,23,13,015,*72
$GPGSV,5,2,17,24,05,072,,25,12,148,18,26,31,246,25,27,15,327,*78
$GPGSV,5,3,17,28,30,184,30,29,42,135,29,31,15,209,19,32,83,219,37*7E
$GPGSV,5,4,17,36,52,277,30,40,84,353,30,41,58,082,,49,32,274,*7C
$GPGSV,5,5,17,50,10,089,*4A
$GLGSV,3,1,10,68,06,018,,69,51,355,30,70,46,234,17,71,05,211,22*6B
$GLGSV,3,2,10,73,15,230,29,80,15,176,30,82,27,102,,83,34,041,22*65
$GLGSV,3,3,10,84,07,352,,,,,32*5A
$GNGLL,0419.93110,S,05539.66386,E,104957.00,A,A*65
$GNRMC,104958.00,A,0419.93112,S,05539.66386,E,0.117,,260525,,,A*70
$GNVTG,,T,,M,0.117,N,0.216,K,A*3F
$GNGGA,104958.00,0419.93112,S,05539.66386,E,1,11,0.80,38.8,M,-47.6,M,,*4E
$GNGSA,A,3,32,29,26,10,28,18,31,25,16,,,,1.67,0.80,1.47*18
$GNGSA,A,3,69,80,,,,,,,,,,,1.67,0.80,1.47*11
$GPGSV,5,1,17,10,29,334,32,16,23,277,31,18,25,045,17,23,13,015,*7C
$GPGSV,5,2,17,24,05,072,,25,12,148,17,26,31,246,27,27,15,327,22*75
$GPGSV,5,3,17,28,30,184,32,29,42,135,29,31,15,209,20,32,83,219,36*77
$GPGSV,5,4,17,36,52,277,30,40,84,353,34,41,58,082,,49,32,274,*78
$GPGSV,5,5,17,50,10,089,*4A
$GLGSV,3,1,10,68,06,018,,69,51,355,31,70,46,234,16,71,05,211,22*6B
$GLGSV,3,2,10,73,15,230,27,80,15,176,31,82,27,102,,83,34,041,21*69
$GLGSV,3,3,10,84,07,352,,,,,32*5A
$GNGLL,0419.93112,S,05539.66386,E,104958.00,A,A*68
$GNRMC,104959.00,A,0419.93120,S,05539.66381,E,0.015,,260525,,,A*74
$GNVTG,,T,,M,0.015,N,0.028,K,A*33
$GNGGA,104959.00,0419.93120,S,05539.66381,E,1,11,0.80,38.8,M,-47.6,M,,*49
$GNGSA,A,3,32,29,26,10,28,18,31,25,16,,,,1.67,0.80,1.47*18
$GNGSA,A,3,69,80,,,,,,,,,,,1.67,0.80,1.47*11
$GPGSV,5,1,17,10,29,334,33,16,23,277,33,18,25,045,17,23,13,015,*7F
$GPGSV,5,2,17,24,05,072,,25,12,148,17,26,31,246,26,27,15,327,20*76
$GPGSV,5,3,17,28,30,184,33,29,42,135,32,31,15,209,22,32,83,219,36*7E
$GPGSV,5,4,17,36,52,277,28,40,84,353,32,41,58,082,,49,32,274,*77
$GPGSV,5,5,17,50,10,089,*4A
$GLGSV,3,1,10,68,06,018,,69,51,355,33,70,46,234,17,71,05,211,21*6B
$GLGSV,3,2,10,73,15,230,27,80,15,176,34,82,27,102,22,83,34,041,19*67
$GLGSV,3,3,10,84,07,352,,,,,33*5B
$GNGLL,0419.93120,S,05539.66381,E,104959.00,A,A*6F
$GNRMC,105000.00,A,0419.93125,S,05539.66377,E,0.134,,260525,,,A*7E
$GNVTG,,T,,M,0.134,N,0.249,K,A*34
$GNGGA,105000.00,0419.93125,S,05539.66377,E,1,11,0.80,38.7,M,-47.6,M,,*4E
$GNGSA,A,3,32,29,26,10,28,18,31,25,16,,,,1.67,0.80,1.47*18
$GNGSA,A,3,69,80,,,,,,,,,,,1.67,0.80,1.47*11
$GPGSV,5,1,17,10,29,334,34,16,23,277,34,18,25,045,16,23,13,015,07*79
$GPGSV,5,2,17,24,05,072,,25,12,148,19,26,31,246,24,27,15,327,19*70
$GPGSV,5,3,17,28,30,184,31,29,42,135,27,31,15,209,22,32,83,219,38*76
$GPGSV,5,4,17,36,52,277,33,40,84,353,35,41,58,082,,49,32,274,*7A
$GPGSV,5,5,17,50,10,089,*4A
$GLGSV,3,1,10,68,06,018,,69,50,355,31,70,46,234,17,71,05,211,19*63
$GLGSV,3,2,10,73,15,230,25,80,15,176,33,82,27,102,,83,34,041,17*6C
$GLGSV,3,3,10,84,07,352,,,,,34*5C
$GNGLL,0419.93125,S,05539.66377,E,105000.00,A,A*67
$GNRMC,105003.00,A,0419.93134,S,05539.66381,E,0.436,,260525,,,A*73
$GNVTG,,T,,M,0.436,N,0.807,K,A*33
$GNGGA,105003.00,0419.93134,S,05539.66381,E,1,11,0.80,38.6,M,-47.6,M,,*45
$GNGSA,A,3,32,29,26,10,28,18,31,25,16,,,,1.67,0.80,1.47*18
$GNGSA,A,3,69,80,,,,,,,,,,,1.67,0.80,1.47*11
$GPGSV,5,1,17,10,29,334,31,16,23,277,31,18,25,045,18,23,13,015,10*71
$GPGSV,5,2,17,24,05,072,,25,12,148,20,26,31,246,22,27,15,327,19*7C
$GPGSV,5,3,17,28,30,184,28,29,42,135,27,31,15,209,20,32,83,219,33*77
$GPGSV,5,4,17,36,52,277,28,40,84,353,32,41,58,082,,49,32,274,*77
$GPGSV,5,5,17,50,10,089,*4A
$GLGSV,3,1,10,68,06,018,,69,50,355,25,70,46,235,17,71,06,211,21*6F
$GLGSV,3,2,10,73,15,230,27,80,15,176,29,82,27,102,,83,34,041,16*64
$GLGSV,3,3,10,84,07,352,,,,,29*50
$GNGLL,0419.93134,S,05539.66381,E,105003.00,A,A*6D
$GNRMC,105013.00,A,0419.93135,S,05539.66392,E,0.086,,260525,,,A*7E
$GNVTG,,T,,M,0.086,N,0.159,K,A*3E
$GNGGA,105013.00,0419.93135,S,05539.66392,E,1,11,1.01,36.3,M,-47.6,M,,*44
$GNGSA,A,3,32,29,26,10,28,18,31,25,16,,,,1.90,1.01,1.61*1C
$GNGSA,A,3,69,80,,,,,,,,,,,1.90,1.01,1.61*15
$GPGSV,5,1,17,10,29,334,32,16,23,277,31,18,25,045,12,23,13,015,14*7C
$GPGSV,5,2,17,24,05,072,,25,12,148,14,26,31,246,26,27,15,327,21*74
$GPGSV,5,3,17,28,30,184,29,29,42,135,27,31,15,209,24,32,83,219,37*76
$GPGSV,5,4,17,36,52,277,,40,84,353,36,41,58,082,,49,32,274,*79
$GPGSV,5,5,17,50,10,089,*4A
$GLGSV,3,1,10,68,06,018,,69,50,355,31,70,46,235,18,71,06,211,*66
$GNRMC,105014.00,A,0419.93134,S,05539.66394,E,0.046,,260525,,,A*72
$GNVTG,,T,,M,0.046,N,0.084,K,A*33
$GNGGA,105014.00,0419.93134,S,05539.66394,E,1,12,1.01,36.2,M,-47.6,M,,*46
$GNGSA,A,3,32,29,26,10,28,18,31,23,25,16,,,1.90,1.01,1.61*1D
$GNGSA,A,3,69,80,,,,,,,,,,,1.90,1.01,1.61*15
$GPGSV,5,1,17,10,29,334,32,16,23,277,31,18,25,045,14,23,13,015,13*7D
$GPGSV,5,2,17,24,05,072,,25,12,148,16,26,31,246,22,27,15,327,21*72
$GPGSV,5,3,17,28,30,184,33,29,42,135,28,31,15,209,22,32,83,219,36*75
$GPGSV,5,4,17,36,52,277,,40,84,353,35,41,58,082,,49,32,274,*7A
$GPGSV,5,5,17,50,10,089,*4A
$GNRMC,105017.00,A,0419.93123,S,05539.66417,E,0.060,,260525,,,D*7A
$GNVTG,,T,,M,0.060,N,0.112,K,D*3C
$GNGGA,105017.00,0419.93123,S,05539.66417,E,2,12,0.81,35.5,M,-47.6,M,,0000*41
$GNGSA,A,3,32,29,26,10,28,18,31,23,25,16,,,1.53,0.81,1.30*1F
$GNGSA,A,3,69,80,,,,,,,,,,,1.53,0.81,1.30*17
$GPGSV,5,1,17,10,29,334,32,16,23,277,30,18,25,045,14,23,13,015,13*7C
$GPGSV,5,2,17,24,05,072,,25,12,148,17,26,31,246,24,27,15,327,19*7E
$GPGSV,5,3,17,28,30,184,30,29,42,135,27,31,15,209,18,32,83,219,34*72
$GPGSV,5,4,17,36,52,277,,40,84,353,31,41,58,082,,49,32,274,*7E
$GPGSV,5,5,17,50,10,089,*4A
$GLGSV,3,1,10,68,06,018,,69,50,355,33,70,46,235,16,71,06,211,*6A
$GLGSV,3,2,10,73,15,230,26,80,15,176,35,82,27,102,,83,34,042,14*69
$GLGSV,3,3,10,84,07,352,,,,,34*5C
$GNGLL,0419.93123,S,05539.66417,E,105017.00,A,D*63
$GNRMC,105018.00,A,0419.93123,S,05539.66423,E,0.085,,260525,,,D*79
$GNVTG,,T,,M,0.085,N,0.157,K,D*36
$GNGGA,105018.00,0419.93123,S,05539.66423,E,2,12,1.01,35.2,M,-47.6,M,,0000*47
$GNGSA,A,3,32,29,26,10,28,18,31,23,25,16,,,1.90,1.01,1.61*1D
$GNGSA,A,3,69,80,,,,,,,,,,,1.90,1.01,1.61*15
$GPGSV,5,1,17,10,29,334,35,16,23,277,32,18,25,045,12,23,13,015,13*7F
$GPGSV,5,2,17,24,05,072,,25,12,148,15,26,31,246,25,27,15,327,20*77
$GPGSV,5,3,17,28,30,184,29,29,42,135,30,31,15,209,22,32,83,219,39*78
$GPGSV,5,4,17,36,52,277,,40,84,353,33,41,58,082,,49,32,274,*7C
$GPGSV,5,5,17,50,10,089,*4A
$GLGSV,3,1,10,68,06,018,,69,50,355,31,70,46,235,18,71,06,211,*66
$GLGSV,3,2,10,73,15,230,27,80,15,176,35,82,27,102,,83,34,042,14*68
$GLGSV,3,3,10,84,07,352,,,,,31*59
$GNGLL,0419.93123,S,05539.66423,E,105018.00,A,D*6B
$GNRMC,105019.00,A,0419.93120,S,05539.66432,E,0.069,,260525,,,D*79
$GNVTG,,T,,M,0.069,N,0.127,K,D*33
$GNGGA,105019.00,0419.93120,S,05539.66432,E,2,12,1.01,35.0,M,-47.6,M,,0000*47
$GNGSA,A,3,32,29,26,10,28,18,31,23,25,16,,,1.90,1.01,1.61*1D
$GNGSA,A,3,69,80,,,,,,,,,,,1.90,1.01,1.61*15
$GPGSV,5,1,17,10,29,334,32,16,23,277,31,18,25,045,12,23,13,015,13*7B
$GPGSV,5,2,17,24,05,072,,25,12,148,14,26,31,246,25,27,15,327,20*76
$GPGSV,5,3,17,28,30,184,30,29,42,135,22,31,15,209,20,32,83,219,35*7D
$GPGSV,5,4,17,36,52,277,,40,84,353,33,41,58,082,,49,32,274,*7C
$GPGSV,5,5,17,50,10,089,*4A
$GLGSV,3,1,10,68,06,018,,69,50,355,25,70,46,235,18,71,06,211,*63
$GLGSV,3,2,10,73,15,230,26,80,15,176,28,82,27,102,,83,34,042,13*62
$GLGSV,3,3,10,84,07,352,,,,,30*58
$GNGLL,0419.93120,S,05539.66432,E,105019.00,A,D*69
$GNRMC,105022.00,A,0419.93126,S,05539.66435,E,0.194,,260525,,,D*73
$GNVTG,,T,,M,0.194,N,0.359,K,D*3B
$GNGGA,105022.00,0419.93126,S,05539.66435,E,2,11,0.80,34.7,M,-47.6,M,,0000*43
$GNGSA,A,3,32,29,26,10,28,18,31,25,16,,,,1.67,0.80,1.47*18
$GNGSA,A,3,69,80,,,,,,,,,,,1.67,0.80,1.47*11
$GPGSV,5,1,17,10,29,334,35,16,23,277,32,18,25,045,11,23,13,015,*7E
$GPGSV,5,2,17,24,05,072,,25,12,148,13,26,31,246,31,27,15,327,19*7E
$GPGSV,5,3,17,28,30,184,31,29,42,135,26,31,15,209,21,32,83,219,37*7B
$GPGSV,5,4,17,36,52,277,,40,84,353,32,41,58,082,,49,32,274,*7D
$GPGSV,5,5,17,50,10,089,*4A
$GLGSV,3,1,10,68,06,018,,69,50,355,32,70,46,235,18,71,06,211,*65
$GLGSV,3,2,10,73,15,230,29,80,15,176,34,82,27,102,,83,34,042,*62
$GLGSV,3,3,10,84,07,352,,,,,34*5C
$GNGLL,0419.93126,S,05539.66435,E,105022.00,A,D*60
$GNRMC,105023.00,A,0419.93126,S,05539.66439,E,0.108,,260525,,,D*7B
$GNVTG,,T,,M,0.108,N,0.200,K,D*33
$GNGGA,105023.00,0419.93126,S,05539.66439,E,2,11,1.01,34.7,M,-47.6,M,,0000*46
$GNGSA,A,3,32,29,26,10,28,18,31,25,16,,,,1.90,1.01,1.61*1C
$GNGSA,A,3,69,80,,,,,,,,,,,1.90,1.01,1.61*15
$GPGSV,5,1,17,10,29,334,32,16,23,277,29,18,25,045,11,23,13,015,*73
$GPGSV,5,2,17,24,05,072,,25,12,148,13,26,31,246,24,27,15,327,21*71
$GPGSV,5,3,17,28,30,184,25,29,42,135,27,31,15,209,21,32,83,219,31*79
$GPGSV,5,4,17,36,52,277,,40,84,353,27,41,58,082,,49,32,274,*79
$GPGSV,5,5,17,50,10,089,*4A
$GLGSV,3,1,10,68,06,018,,69,50,355,26,70,46,235,19,71,06,211,20*63
$GLGSV,3,2,10,73,15,230,28,80,15,176,30,82,27,102,,83,34,042,*67
$GLGSV,3,3,10,84,07,352,,,,,30*58
$GNGLL,0419.93126,S,05539.66439,E,105023.00,A,D*6D
$GNRMC,105024.00,A,0419.93126,S,05539.66441,E,0.053,,260525,,,D*7C
$GNVTG,,T,,M,0.053,N,0.099,K,D*3E
$GNGGA,105024.00,0419.93126,S,05539.66441,E,2,11,0.80,34.7,M,-47.6,M,,0000*46
$GNGSA,A,3,32,29,26,10,28,18,31,25,16,,,,1.67,0.80,1.47*18
$GNGSA,A,3,69,80,,,,,,,,,,,1.67,0.80,1.47*11
$GPGSV,5,1,17,10,29,334,33,16,23,277,33,18,25,045,11,23,13,015,*79
$GPGSV,5,2,17,24,05,072,14,25,12,148,13,26,31,246,24,27,15,327,20*75
$GPGSV,5,3,17,28,30,184,27,29,42,135,27,31,15,209,21,32,83,219,35*7F
$GPGSV,5,4,17,36,52,277,,40,84,353,34,41,58,082,,49,32,274,*7B
$GPGSV,5,5,17,50,10,089,*4A
$GLGSV,3,1,10,68,06,018,,69,50,355,31,70,46,235,19,71,06,211,18*6E
$GLGSV,3,2,10,73,15,230,28,80,15,176,32,82,27,102,,83,34,042,*65
$GLGSV,3,3,10,84,07,352,,,,,34*5C
$GNGLL,0419.93126,S,05539.66441,E,105024.00,A,D*65
$GNRMC,105025.00,A,0419.93126,S,05539.66445,E,0.218,,260525,,,D*74
$GNVTG,,T,,M,0.218,N,0.403,K,D*34
$GNGGA,105025.00,0419.93126,S,05539.66445,E,2,11,0.80,34.7,M,-47.6,M,,0000*43
$GNGSA,A,3,32,29,26,10,28,18,31,25,16,,,,1.67,0.80,1.47*18
$GNGSA,A,3,69,80,,,,,,,,,,,1.67,0.80,1.47*11
$GPGSV,5,1,17,10,29,334,31,16,23,277,33,18,25,045,10,23,13,015,*7A
$GPGSV,5,2,17,24,05,072,12,25,12,148,15,26,31,246,25,27,15,327,18*7F
$GPGSV,5,3,17,28,30,184,32,29,42,135,26,31,15,209,19,32,83,219,38*7C
$GPGSV,5,4,17,36,52,277,,40,84,353,35,41,58,082,,49,32,274,*7A
$GPGSV,5,5,17,50,10,089,*4A
$GLGSV,3,1,10,68,06,018,,69,50,355,31,70,46,235,19,71,06,211,19*6F
$GLGSV,3,2,10,73,15,230,29,80,15,176,33,82,27,102,,83,34,042,*65
$GLGSV,3,3,10,84,07,352,,,,,34*5C
$GNGLL,0419.93126,S,05539.66445,E,105025.00,A,D*60
$GNRMC,105026.00,A,0419.93125,S,05539.66451,E,0.110,,260525,,,D*7A
$GNVTG,,T,,M,0.110,N,0.204,K,D*3E
$GNGGA,105026.00,0419.93125,S,05539.66451,E,2,11,1.01,34.3,M,-47.6,M,,0000*4A
$GNGSA,A,3,32,29,26,10,28,18,31,25,16,,,,1.90,1.01,1.61*1C
$GNGSA,A,3,69,80,,,,,,,,,,,1.90,1.01,1.61*15
$GPGSV,5,1,17,10,29,334,33,16,23,277,31,18,25,045,12,23,13,015,*78
$GPGSV,5,2,17,24,05,072,10,25,12,148,17,26,31,246,26,27,15,327,*75
$GPGSV,5,3,17,28,30,184,30,29,42,135,25,31,15,209,19,32,83,219,38*7D
$GPGSV,5,4,17,36,52,277,,40,84,353,34,41,58,082,,49,32,274,*7B
$GPGSV,5,5,17,50,10,089,*4A
$GLGSV,3,1,10,68,06,018,,69,50,355,30,70,46,235,18,71,06,211,18*6E
$GLGSV,3,2,10,73,15,230,28,80,15,176,33,82,27,102,,83,34,042,*64
$GLGSV,3,3,10,84,07,352,,,,,34*5C
$GNGLL,0419.93125,S,05539.66451,E,105026.00,A,D*65
$GNGGA,105029.00,0419.93126,S,05539.66455,E,2,11,0.80,33.9,M,-47.6,M,,0000*47
$GNGSA,A,3,32,29,26,10,28,18,31,25,16,,,,1.67,0.80,1.47*18
$GNGSA,A,3,69,80,,,,,,,,,,,1.67,0.80,1.47*11
$GPGSV,5,1,17,10,29,335,34,16,23,277,36,18,25,045,12,23,13,015,*79
$GPGSV,5,2,17,24,05,072,07,25,12,148,15,26,31,246,22,27,15,327,17*73
$GPGSV,5,3,17,28,30,184,30,29,42,135,34,31,15,209,29,32,83,219,37*71
$GPGSV,5,4,17,36,52,277,,40,84,353,35,41,58,082,,49,32,274,*7A
$GPGSV,5,5,17,50,10,089,*4A
$GLGSV,3,1,10,68,06,018,,69,50,355,32,70,46,235,18,71,06,211,17*63
$GLGSV,3,2,10,73,15,230,28,80,15,176,38,82,27,102,,83,34,042,*6F
$GLGSV,3,3,10,84,07,352,,,,,34*5C
$GNGLL,0419.93126,S,05539.66455,E,105029.00,A,D*6D
$GNRMC,105031.00,A,0419.93132,S,05539.66447,E,0.039,,260525,,,D*77
$GNVTG,,T,,M,0.039,N,0.073,K,D*36
$GNGGA,105031.00,0419.93132,S,05539.66447,E,2,11,0.80,34.2,M,-47.6,M,,0000*44
$GNGSA,A,3,32,29,26,10,28,18,31,25,16,,,,1.67,0.80,1.47*18
$GNGSA,A,3,69,80,,,,,,,,,,,1.67,0.80,1.47*11
$GPGSV,5,1,17,10,29,335,36,16,23,277,34,18,25,045,12,23,13,015,*79
$GPGSV,5,2,17,24,05,072,09,25,12,148,16,26,31,246,23,27,15,327,18*70
$GPGSV,5,3,17,28,30,184,28,29,42,135,34,31,15,209,29,32,83,219,35*7A
$GPGSV,5,4,17,36,52,277,,40,84,353,35,41,58,082,,49,32,274,*7A
$GPGSV,5,5,17,50,10,089,*4A
$GLGSV,3,1,10,68,06,018,,69,50,355,34,70,46,235,18,71,06,211,17*65
$GLGSV,3,2,10,73,15,230,31,80,15,176,36,82,27,102,,83,34,042,*69
$GLGSV,3,3,10,84,07,352,,,,,29*50
$GNGLL,0419.93132,S,05539.66447,E,105031.00,A,D*62
$GNRMC,105033.00,A,0419.93129,S,05539.66448,E,0.037,,260525,,,D*7E
$GNVTG,,T,,M,0.037,N,0.068,K,D*32
$GNGGA,105033.00,0419.93129,S,05539.66448,E,2,11,0.80,34.4,M,-47.6,M,,0000*45
$GNGSA,A,3,32,29,26,10,28,18,31,25,16,,,,1.67,0.80,1.47*18
$GNGSA,A,3,69,80,,,,,,,,,,,1.67,0.80,1.47*11
$GPGSV,5,1,17,10,29,335,37,16,23,277,34,18,25,045,14,23,13,015,*7E
$GPGSV,5,2,17,24,05,072,,25,12,148,20,26,31,246,28,27,15,327,19*76
$GPGSV,5,3,17,28,30,184,29,29,42,135,33,31,15,209,27,32,83,219,38*7F
$GPGSV,5,4,17,36,52,277,,40,84,353,36,41,58,082,,49,32,274,*79
$GPGSV,5,5,17,50,10,089,*4A
$GLGSV,3,1,10,68,06,018,,69,50,355,34,70,46,235,18,71,06,211,19*6B
$GLGSV,3,2,10,73,15,230,28,80,15,176,36,82,27,102,,83,34,042,*61
$GLGSV,3,3,10,84,07,352,,,,,36*5E
$GNGLL,0419.93129,S,05539.66448,E,105033.00,A,D*65
$GNRMC,105035.00,A,0419.93122,S,05539.66460,E,0.047,,260525,,,D*7E
$GNVTG,,T,,M,0.047,N,0.086,K,D*35
$GNGGA,105035.00,0419.93122,S,05539.66460,E,2,10,1.01,34.4,M,-47.6,M,,0000*4B
$GNGSA,A,3,32,29,26,10,28,31,25,16,,,,,1.90,1.01,1.61*15
$GNGSA,A,3,69,80,,,,,,,,,,,1.90,1.01,1.61*15
$GPGSV,5,1,17,10,29,335,37,16,23,276,33,18,25,045,,23,13,015,13*7F
$GPGSV,5,2,17,24,05,072,,25,12,148,17,26,31,246,28,27,15,327,21*79
$GPGSV,5,3,17,28,30,184,33,29,42,135,35,31,15,209,24,32,83,219,39*70
$GPGSV,5,4,17,36,52,277,,40,84,353,34,41,58,082,,49,32,274,*7B
$GPGSV,5,5,17,50,10,089,*4A
$GLGSV,3,1,10,68,06,018,,69,50,355,34,70,46,235,18,71,06,211,17*65
$GLGSV,3,2,10,73,15,230,29,80,15,176,35,82,27,102,,83,34,042,*63
$GNRMC,105036.00,A,0419.93121,S,05539.66461,E,0.032,,260525,,,D*7D
$GNVTG,,T,,M,0.032,N,0.060,K,D*3F
$GNGGA,105036.00,0419.93121,S,05539.66461,E,2,10,1.01,34.5,M,-47.6,M,,0000*4B
$GNGSA,A,3,32,29,26,10,28,31,25,16,,,,,1.90,1.01,1.61*15
$GNGSA,A,3,69,80,,,,,,,,,,,1.90,1.01,1.61*15
$GPGSV,5,1,17,10,29,335,35,16,23,276,34,18,25,045,20,23,13,015,12*79
$GPGSV,5,2,17,24,05,072,,25,12,148,18,26,31,246,27,27,15,327,22*7A
$GPGSV,5,3,17,28,30,184,27,29,42,135,33,31,15,209,25,32,83,219,35*7E
$GPGSV,5,4,17,36,52,277,,40,84,353,33,41,58,082,,49,32,274,*7C
$GPGSV,5,5,17,50,10,089,*4A
$GLGSV,3,1,10,68,06,018,,69,50,355,31,70,46,235,19,71,06,211,29*6C
$GLGSV,3,2,10,73,15,230,30,80,15,176,34,82,27,102,,83,34,042,*6A
$GLGSV,3,3,10,84,07,352,,,,,33*5B
$GNGLL,0419.93121,S,05539.66461,E,105036.00,A,D*63
$GNRMC,105037.00,A,0419.93118,S,05539.66469,E,0.117,,260525,,,D*78
$GNVTG,,T,,M,0.117,N,0.217,K,D*3B
$GNGGA,105037.00,0419.93118,S,05539.66469,E,2,10,1.00,34.4,M,-47.6,M,,0000*48
$GNRMC,105038.00,A,0419.93118,S,05539.66467,E,0.022,,260525,,,D*7E
$GNVTG,,T,,M,0.022,N,0.040,K,D*3C
$GNGGA,105038.00,0419.93118,S,05539.66467,E,2,10,1.00,34.6,M,-47.6,M,,0000*4B
$GNGSA,A,3,32,29,26,10,28,31,25,16,,,,,1.90,1.00,1.61*14
$GNGSA,A,3,69,80,,,,,,,,,,,1.90,1.00,1.61*14
$GPGSV,5,1,17,10,29,335,37,16,23,276,34,18,25,046,17,23,13,015,12*7C
$GPGSV,5,2,17,24,05,072,,25,12,148,19,26,31,246,25,27,15,327,22*79
$GPGSV,5,3,17,28,30,184,28,29,42,135,30,31,15,209,27,32,83,219,35*70
$GPGSV,5,4,17,36,52,277,,40,84,353,34,41,58,082,,49,32,274,*7B
$GPGSV,5,5,17,50,10,089,*4A
$GLGSV,3,1,10,68,06,018,,69,50,355,32,70,46,235,22,71,06,211,25*6B
$GLGSV,3,2,10,73,15,230,29,80,15,176,33,82,27,102,,83,34,042,23*64
$GLGSV,3,3,10,84,07,352,,,,,33*5B
$GNGLL,0419.93118,S,05539.66467,E,105038.00,A,D*61
$GNRMC,105040.00,A,0419.93112,S,05539.66480,E,0.069,,260525,,,D*7D
$GNVTG,,T,,M,0.069,N,0.128,K,D*3C
$GNGGA,105040.00,0419.93112,S,05539.66480,E,2,12,1.00,34.6,M,-47.6,M,,0000*45
$GNGSA,A,3,32,29,26,10,28,18,31,23,25,16,,,1.90,1.00,1.61*1C
$GNGSA,A,3,69,80,,,,,,,,,,,1.90,1.00,1.61*14
$GPGSV,5,1,17,10,29,335,36,16,23,276,35,18,25,046,18,23,13,015,11*70
$GPGSV,5,2,17,24,05,072,,25,12,148,16,26,31,246,21,27,15,327,24*74
$GPGSV,5,3,17,28,30,184,28,29,42,135,30,31,15,209,32,32,83,219,33*72
$GPGSV,5,4,17,36,52,277,,40,84,353,35,41,58,082,,49,32,274,*7A
$GPGSV,5,5,17,50,10,089,*4A
$GLGSV,3,1,10,68,06,018,,69,50,355,32,70,46,235,20,71,06,211,24*68
$GLGSV,3,2,10,73,15,230,27,80,15,176,35,82,27,102,12,83,34,042,18*67
$GLGSV,3,2,10,73,15,230,27,80,15,176,31,82,27,102,13,83,34,042,17*6D
$GLGSV,3,3,10,84,07,352,,,,,32*5A
$GNGLL,0419.93113,S,05539.66476,E,105041.00,A,D*64
$GNRMC,105043.00,A,0419.93112,S,05539.66473,E,0.034,,260525,,,D*7A
$GNVTG,,T,,M,0.034,N,0.063,K,D*3A
$GNGGA,105043.00,0419.93112,S,05539.66473,E,2,12,1.00,34.9,M,-47.6,M,,0000*45
$GNGSA,A,3,32,29,26,10,28,18,31,23,25,16,,,1.90,1.00,1.61*1C
$GNGSA,A,3,69,82,80,,,,,,,,,,1.90,1.00,1.61*1E
$GPGSV,5,1,17,10,29,335,38,16,23,276,35,18,25,046,19,23,13,015,12*7C
$GPGSV,5,2,17,24,04,071,,25,11,147,20,26,31,246,30,27,15,327,22*79
$GPGSV,5,3,17,28,30,184,32,29,42,135,34,31,15,209,29,32,83,219,34*70
$GPGSV,5,4,17,36,52,277,,40,84,353,33,41,58,082,,49,32,274,*7C
$GPGSV,5,5,17,50,10,089,*4A
$GLGSV,3,1,10,68,06,018,,69,50,355,32,70,46,235,17,71,06,211,17*6C
$GLGSV,3,2,10,73,15,230,27,80,15,176,34,82,27,102,14,83,34,042,16*6E
$GLGSV,3,3,10,84,07,352,,,,,33*5B
$GNGLL,0419.93112,S,05539.66473,E,105043.00,A,D*62
$GPGSV,5,1,17,10,29,335,38,16,23,276,34,18,25,046,20,23,13,015,14*71
$GPGSV,5,2,17,24,04,071,,25,11,147,17,26,31,245,26,27,16,327,20*78
$GPGSV,5,3,17,28,30,183,32,29,42,135,35,31,15,209,25,32,83,219,37*79
$GPGSV,5,4,17,36,52,277,,40,84,353,32,41,58,082,,49,32,274,*7D
$GPGSV,5,5,17,50,10,089,*4A
$GLGSV,3,1,10,68,06,018,,69,50,355,32,70,46,236,18,71,06,211,17*60
$GLGSV,3,2,10,73,15,230,29,80,15,176,33,82,27,102,17,83,34,042,19*6B
$GLGSV,3,3,10,84,07,352,,,,,31*59
$GNGLL,0419.93118,S,05539.66463,E,105046.00,A,D*6C
$GNRMC,105048.00,A,0419.93124,S,05539.66456,E,0.043,,260525,,,D*73
$GNVTG,,T,,M,0.043,N,0.080,K,D*37
$GNGGA,105048.00,0419.93124,S,05539.66456,E,2,12,0.80,35.2,M,-47.6,M,,0000*4F
$GNGSA,A,3,32,29,26,10,28,18,31,23,25,16,,,1.67,0.80,1.47*19
$GNGSA,A,3,69,82,80,,,,,,,,,,1.67,0.80,1.47*1B
$GPGSV,5,1,17,10,29,335,37,16,23,276,35,18,25,046,20,23,13,015,15*7E
$GPGSV,5,2,17,24,04,071,,25,11,147,17,26,31,245,28,27,16,327,21*77
$GPGSV,5,3,17,28,30,183,32,29,41,135,35,31,15,209,25,32,83,219,34*79
$GPGSV,5,4,17,36,52,277,,40,84,353,35,41,58,082,,49,32,274,*7A
$GPGSV,5,5,17,50,10,089,*4A
$GLGSV,3,1,10,68,06,018,,69,50,355,32,70,46,236,18,71,06,211,18*6F
$GLGSV,3,2,10,73,15,230,30,80,15,176,32,82,27,102,16,83,34,042,19*63
$GLGSV,3,3,10,84,07,352,,,,,32*5A
$GNGLL,0419.93124,S,05539.66456,E,105048.00,A,D*6B
$GPGSV,5,3,17,28,30,183,31,29,41,135,34,31,16,209,24,32,83,222,32*77
$GPGSV,5,4,17,36,52,277,,40,84,353,34,41,58,082,,49,32,274,*7B
$GPGSV,5,5,17,50,10,089,*4A
$GLGSV,3,1,10,68,06,018,,69,50,355,32,70,46,236,19,71,06,211,21*64
$GLGSV,3,2,10,73,15,230,31,80,15,176,34,82,27,102,15,83,34,042,16*68
$GLGSV,3,3,10,84,07,352,,,,,31*59
$GNGLL,0419.93125,S,05539.66460,E,105050.00,A,D*66
$GNRMC,105051.00,A,0419.93128,S,05539.66458,E,0.119,,260525,,,D*77
$GNVTG,,T,,M,0.119,N,0.220,K,D*31
$GNGGA,105051.00,0419.93128,S,05539.66458,E,2,12,0.80,35.4,M,-47.6,M,,0000*43
$GNGSA,A,3,32,29,26,10,28,18,31,23,25,16,,,1.67,0.80,1.47*19
$GNGSA,A,3,69,82,80,,,,,,,,,,1.67,0.80,1.47*1B
$GPGSV,5,1,17,10,29,335,36,16,23,276,32,18,25,046,19,23,13,015,14*73
$GPGSV,5,2,17,24,04,071,,25,11,147,13,26,31,245,26,27,16,327,19*76
$GPGSV,5,3,17,28,30,183,30,29,41,135,33,31,16,209,24,32,83,222,33*70
$GPGSV,5,4,17,36,52,277,,40,84,353,30,41,58,082,,49,32,274,*7F
$GPGSV,5,5,17,50,10,089,*4A
$GLGSV,3,1,10,68,06,018,,69,50,355,31,70,46,236,20,71,06,211,19*66
$GLGSV,3,2,10,73,15,230,30,80,15,176,35,82,27,102,14,83,34,042,18*67
$GLGSV,3,3,10,84,07,352,,,,,26*5F
$GNGLL,0419.93128,S,05539.66458,E,105051.00,A,D*61
$GNRMC,105052.00,A,0419.93133,S,05539.66454,E,0.010,,260525,,,D*7A
$GNVTG,,T,,M,0.010,N,0.019,K,D*31
$GNGGA,105052.00,0419.93133,S,05539.66454,E,2,12,0.80,35.5,M,-47.6,M,,0000*47
$GNGSA,A,3,32,29,26,10,28,18,31,23,25,16,,,1.67,0.80,1.47*19
$GNGSA,A,3,69,82,80,,,,,,,,,,1.67,0.80,1.47*1B
$GPGSV,5,1,17,10,29,335,37,16,23,276,32,18,25,046,19,23,13,015,14*72
$GPGSV,5,2,17,24,04,071,,25,11,147,12,26,31,245,26,27,16,327,21*7C
$GPGSV,5,3,17,28,30,183,28,29,41,135,32,31,16,209,25,32,83,222,36*7C
$GPGSV,5,4,17,36,52,277,,40,84,353,35,41,58,082,,49,32,274,*7A
$GPGSV,5,5,17,50,10,089,*4A
$GLGSV,3,1,10,68,06,018,,69,50,355,26,70,46,236,20,71,06,211,17*6E
$GLGSV,3,2,10,73,15,230,31,80,15,176,34,82,27,102,16,83,34,042,17*6A
$GLGSV,3,3,10,84,07,352,,,,,32*5A
$GNGLL,0419.93133,S,05539.66454,E,105052.00,A,D*64
$GNRMC,105055.00,A,0419.93144,S,05539.66447,E,0.022,,260525,,,D*7E
$GNVTG,,T,,M,0.022,N,0.040,K,D*3C
$GNGGA,105055.00,0419.93144,S,05539.66447,E,2,12,0.80,35.7,M,-47.6,M,,0000*40
$GNGSA,A,3,32,29,26,10,28,18,31,23,25,16,,,1.67,0.80,1.47*19
$GNGSA,A,3,69,82,80,,,,,,,,,,1.67,0.80,1.47*1B
$GPGSV,5,1,17,10,29,335,36,16,23,276,34,18,25,046,21,23,13,015,16*7C
$GPGSV,5,2,17,24,04,071,,25,11,147,16,26,31,245,21,27,16,327,19*74
$GPGSV,5,3,17,28,30,183,29,29,41,135,35,31,16,209,26,32,83,222,31*7E
$GPGSV,5,4,17,36,52,277,,40,84,353,33,41,58,082,,49,32,274,*7C
$GPGSV,5,5,17,50,10,089,*4A
$GLGSV,3,1,10,68,06,018,,69,50,355,32,70,46,236,21,71,06,211,22*6C
$GLGSV,3,2,10,73,15,230,30,80,15,176,35,82,27,102,19,83,34,042,18*6A
$GLGSV,3,3,10,84,07,352,,,,,27*5E
$GNGLL,0419.93144,S,05539.66447,E,105055.00,A,D*61
$GNRMC,105056.00,A,0419.93147,S,05539.66445,E,0.190,,260525,,,D*74
$GNVTG,,T,,M,0.190,N,0.352,K,D*34
$GNGGA,105056.00,0419.93147,S,05539.66445,E,2,12,0.80,35.9,M,-47.6,M,,0000*4C
$GNGSA,A,3,32,29,26,10,28,18,31,23,25,16,,,1.67,0.80,1.47*19
$GNGSA,A,3,69,82,80,,,,,,,,,,1.67,0.80,1.47*1B
$GPGSV,5,1,17,10,29,335,37,16,23,276,32,18,25,046,21,23,13,015,16*7B
$GPGSV,5,2,17,24,04,071,,25,11,147,17,26,31,245,23,27,16,327,20*7D
$GPGSV,5,3,17,28,30,183,30,29,41,135,33,31,16,209,23,32,83,222,34*70
$GPGSV,5,4,17,36,52,277,,40,84,353,34,41,58,082,,49,32,274,*7B
$GPGSV,5,5,17,50,10,089,*4A
$GLGSV,3,1,10,68,06,018,,69,50,355,34,70,46,236,20,71,06,211,22*6B
$GLGSV,3,2,10,73,15,230,31,80,15,176,35,82,27,102,21,83,34,042,19*61
$GLGSV,3,3,10,84,07,352,,,,,27*5E
$GNGLL,0419.93147,S,05539.66445,E,105056.00,A,D*63
$GNRMC,105100.00,A,0419.93168,S,05539.66421,E,0.165,,260525,,,D*73
$GNVTG,,T,,M,0.165,N,0.306,K,D*3F
$GNGGA,105100.00,0419.93168,S,05539.66421,E,2,12,0.74,36.9,M,-47.6,M,,0000*49
$GNGSA,A,3,32,29,26,10,28,18,31,23,25,16,,,1.64,0.74,1.47*11
$GNGSA,A,3,69,82,80,,,,,,,,,,1.64,0.74,1.47*13
$GPGSV,5,1,17,10,29,335,36,16,23,276,34,18,25,046,20,23,13,015,13*78
$GPGSV,5,2,17,24,04,071,,25,11,147,16,26,31,245,27,27,16,327,21*79
$GPGSV,5,3,17,28,30,183,33,29,41,135,32,31,16,209,25,32,83,222,36*76
$GPGSV,5,4,17,36,52,277,35,40,84,353,33,41,58,082,,49,32,274,*7A
$GPGSV,5,5,17,50,10,089,*4A
$GLGSV,3,1,10,68,06,018,,69,50,355,32,70,46,236,19,71,06,211,16*60
$GLGSV,3,2,10,73,15,230,30,80,15,176,35,82,27,102,20,83,34,042,20*6B
$GLGSV,3,3,10,84,07,352,,,,,33*5B
$GNGLL,0419.93168,S,05539.66421,E,105100.00,A,D*6E
$GNRMC,105103.00,A,0419.93177,S,05539.66406,E,0.034,,260525,,,D*7E
$GNVTG,,T,,M,0.034,N,0.062,K,D*3B
$GNGGA,105103.00,0419.93177,S,05539.66406,E,2,12,0.68,36.9,M,-47.6,M,,0000*4C
$GNGSA,A,3,32,29,26,10,28,18,31,23,25,16,,,1.46,0.68,1.29*14
$GNGSA,A,3,69,82,80,,,,,,,,,,1.46,0.68,1.29*16
$GPGSV,5,1,17,10,29,335,37,16,23,276,34,18,25,046,24,23,13,015,15*7B
$GPGSV,5,2,17,24,04,071,,25,11,147,16,26,31,245,26,27,16,327,22*7B
$GPGSV,5,3,17,28,30,183,33,29,41,135,34,31,16,209,22,32,83,222,28*78
$GPGSV,5,4,17,36,52,277,31,40,84,353,32,41,58,082,,49,32,274,*7F
$GPGSV,5,5,17,50,10,089,*4A
$GLGSV,3,1,10,68,06,018,,69,50,355,32,70,46,236,20,71,06,211,19*65
$GLGSV,3,2,10,73,15,230,29,80,15,176,34,82,27,102,18,83,34,042,21*68
$GLGSV,3,3,10,84,07,352,,,,,29*50
$GNGLL,0419.93177,S,05539.66406,E,105103.00,A,D*66
$GNRMC,105105.00,A,0419.93184,S,05539.66398,E,0.035,,260525,,,D*75
$GNVTG,,T,,M,0.035,N,0.065,K,D*3D
$GNGGA,105105.00,0419.93184,S,05539.66398,E,2,12,0.68,37.1,M,-47.6,M,,0000*4F
$GNGSA,A,3,32,29,26,10,28,18,31,23,25,16,,,1.46,0.68,1.29*14
$GNGSA,A,3,69,82,80,,,,,,,,,,1.46,0.68,1.29*16
$GPGSV,5,1,17,10,29,335,34,16,23,276,31,18,25,046,20,23,13,015,13*7F
$GPGSV,5,2,17,24,04,071,23,25,11,147,15,26,31,245,26,27,16,327,24*7F
$GPGSV,5,3,17,28,30,183,28,29,41,135,26,31,16,209,23,32,83,222,31*78
$GPGSV,5,4,17,36,52,277,30,40,84,353,34,41,58,082,,49,32,274,*78
$GPGSV,5,5,17,50,10,089,*4A
$GLGSV,3,1,10,68,06,018,,69,50,355,24,70,46,236,18,71,06,211,14*64
$GLGSV,3,2,10,73,15,230,30,80,15,176,29,82,27,102,18,83,34,042,21*6C
$GLGSV,3,3,10,84,07,352,,,,,28*51
$GNGLL,0419.93184,S,05539.66398,E,105105.00,A,D*6C
$GNRMC,105106.00,A,0419.93185,S,05539.66401,E,0.082,,260525,,,D*7C
$GNVTG,,T,,M,0.082,N,0.151,K,D*37
$GNGGA,105106.00,0419.93185,S,05539.66401,E,2,12,0.74,37.0,M,-47.6,M,,0000*46
$GNGSA,A,3,32,29,26,10,28,18,31,23,25,16,,,1.64,0.74,1.47*11
$GNGSA,A,3,69,82,80,,,,,,,,,,1.64,0.74,1.47*13
$GPGSV,5,1,17,10,29,335,34,16,23,276,31,18,25,046,16,23,13,015,12*7B
$GPGSV,5,2,17,24,04,071,19,25,11,147,12,26,31,245,26,27,16,327,22*77
$GPGSV,5,3,17,28,30,183,28,29,41,135,31,31,16,209,23,32,83,222,32*7D
$GPGSV,5,4,17,36,52,277,,40,84,353,33,41,58,082,,49,32,274,*7C
$GPGSV,5,5,17,50,10,089,*4A
$GLGSV,3,1,10,68,06,018,,69,50,355,23,70,46,236,16,71,06,211,11*68
$GLGSV,3,2,10,73,15,230,25,80,15,176,30,82,27,102,16,83,34,042,18*64
$GLGSV,3,3,10,84,07,352,,,,,26*5F
$GNGLL,0419.93185,S,05539.66401,E,105106.00,A,D*69
$GNRMC,105107.00,A,0419.93187,S,05539.66402,E,0.072,,260525,,,D*73
$GNVTG,,T,,M,0.072,N,0.134,K,D*3B
$GNGGA,105107.00,0419.93187,S,05539.66402,E,2,12,0.74,37.0,M,-47.6,M,,0000*46
$GNGSA,A,3,32,29,26,10,28,18,31,25,16,,,,1.64,0.74,1.47*10
$GNGSA,A,3,69,82,80,,,,,,,,,,1.64,0.74,1.47*13
$GPGSV,5,1,17,10,29,335,35,16,23,276,33,18,25,046,12,23,13,015,08*77
$GPGSV,5,2,17,24,04,071,14,25,11,147,11,26,31,245,25,27,16,327,21*79
$GPGSV,5,3,17,28,30,183,30,29,41,135,31,31,16,209,21,32,83,222,35*71
$GPGSV,5,4,17,36,52,277,,40,84,353,34,41,58,082,,49,32,274,*7B
$GPGSV,5,5,17,50,10,089,*4A
$GLGSV,3,1,10,68,06,018,,69,50,355,27,70,46,236,15,71,06,211,09*66
$GLGSV,3,2,10,73,15,230,32,80,15,176,35,82,27,102,18,83,34,042,16*67
$GLGSV,3,3,10,84,07,352,,,,,32*5A
$GNGLL,0419.93187,S,05539.66402,E,105107.00,A,D*69
$GNRMC,105108.00,A,0419.93190,S,05539.66401,E,0.063,,260525,,,D*79
$GNVTG,,T,,M,0.063,N,0.117,K,D*3A
$GNGGA,105108.00,0419.93190,S,05539.66401,E,2,12,0.86,37.0,M,-47.6,M,,0000*41
$GNGSA,A,3,32,29,26,10,28,31,23,25,16,,,,1.78,0.86,1.56*18
$GNGSA,A,3,69,82,80,,,,,,,,,,1.78,0.86,1.56*13
$GPGSV,5,1,17,10,29,335,32,16,23,276,33,18,25,046,09,23,13,015,10*73
$GPGSV,5,2,17,24,04,071,10,25,11,147,17,26,31,245,25,27,16,327,22*78
$GPGSV,5,3,17,28,30,183,30,29,41,135,30,31,16,209,22,32,83,222,34*72
$GPGSV,5,4,17,36,52,277,,40,84,353,30,41,58,082,,49,32,274,*7F
$GPGSV,5,5,17,50,10,089,*4A
$GLGSV,3,1,10,68,06,018,,69,50,355,28,70,46,236,17,71,06,211,*62
$GLGSV,3,2,10,73,15,230,32,80,15,176,35,82,27,102,18,83,34,042,17*66
$GLGSV,3,3,10,84,07,352,,,,,26*5F
$GNGLL,0419.93190,S,05539.66401,E,105108.00,A,D*63
