b0X
Y"#:S=5#D
$ "QP{#4"Ta!:R 
cF,[G"8*H
IJKSwT)7U<bkm$GNRMC,114549.00,A,0419.70198,S,05539.86100,E,0.058,,190525,,,D*73
$GNVTG,,T,,M,0.058,N,0.107,K,D*33
$GNGNS,114549.00,0419.70198,S,05539.86100,E,DA,15,0.61,11.9,-47.6,,0000*60
$GNGGA,114549.00,0419.70198,S,05539.86100,E,2,12,0.61,11.9,M,-47.6,M,,0000*4B
$GNGSA,A,3,29,10,23,32,26,18,28,16,27,,,,1.33,0.61,1.19*1C
$GNGSA,A,3,70,83,84,71,85,72,,,,,,,1.33,0.61,1.19*1D
$GPGSV,4,1,16,10,23,345,29,16,25,263,34,18,29,058,35,23,08,024,23*75
$GPGSV,4,2,16,24,00,061,,25,07,139,08,26,30,232,35,27,26,324,30*7F
$GPGSV,4,3,16,28,36,173,29,29,31,143,30,31,21,201,,32,81,336,34*7F
$GPGSV,4,4,16,36,52,277,35,40,84,353,34,41,58,082,33,49,32,274,*7D
$GLGSV,3,1,11,70,44,347,17,71,56,265,34,72,18,220,10,73,15,164,07*6C
$GLGSV,3,2,11,74,15,210,,75,00,255,,83,22,119,26,84,41,055,15*6B
$GLGSV,3,3,11,85,19,000,20,,,,27,,,,22*57
$GNGLL,0419.70198,S,05539.86100,E,114549.00,A,D*6D
$GNGRS,114549.00,1,1.6,-1.1,-17.9,-0.1,2.1,-1.7,1.7,1.9,-0.1,,,*6C
$GNGRS,114549.00,1,16.9,1.7,-2.6,-2.1,2.5,12.5,,,,,,*52
$GNGST,114549.00,74948,,,,1.6,1.4,3.1*73
$GNZDA,114549.00,19,05,2025,00,00*7C
$GNGBS,114549.00,1.6,1.4,3.1,,,,*53
b0X
Y^<#;$=#D
$ %QP{#4$Ta!:R 
c!F,[eG8H6I2JKSw0T)7:Uo8bk$GNRMC,114550.00,A,0419.70198,S,05539.86100,E,0.062,,190525,,,D*72
$GNVTG,,T,,M,0.062,N,0.115,K,D*39
$GNGNS,114550.00,0419.70198,S,05539.86100,E,DA,15,0.61,12.1,-47.6,,0000*63
$GNGGA,114550.00,0419.70198,S,05539.86100,E,2,12,0.61,12.1,M,-47.6,M,,0000*48
$GNGSA,A,3,29,10,23,32,26,18,28,16,27,,,,1.33,0.61,1.19*1C
$GNGSA,A,3,70,83,84,71,85,72,,,,,,,1.33,0.61,1.19*1D
$GPGSV,4,1,16,10,23,345,21,16,25,263,31,18,29,059,35,23,08,024,23*79
$GPGSV,4,2,16,24,00,061,,25,07,139,08,26,30,232,35,27,26,324,23*7D
$GPGSV,4,3,16,28,36,173,27,29,31,143,29,31,21,201,,32,81,336,37*7A
$GPGSV,4,4,16,36,52,277,35,40,84,353,36,41,58,082,33,49,32,274,*7F
$GLGSV,3,1,11,70,44,347,15,71,56,265,30,72,18,220,08,73,15,164,09*6D
$GLGSV,3,2,11,74,15,210,,75,00,255,,83,22,119,25,84,41,055,15*68
$GLGSV,3,3,11,85,19,000,19,,,,25,,,,19*57
$GNGLL,0419.70198,S,05539.86100,E,114550.00,A,D*65
$GNGRS,114550.00,1,-3.6,0.9,-15.0,2.3,1.4,-2.8,2.1,3.2,2.3,,,*62
$GNGRS,114550.00,1,18.9,-4.6,-2.0,4.0,1.1,-4.6,,,,,,*4F
$GNGST,114550.00,48,,,,1.7,1.4,3.2*43
$GNZDA,114550.00,19,05,2025,00,00*74
$GNGBS,114550.00,1.7,1.4,3.2,,,,*59
b0X
"Y{$*;-='"D
 $$ +QP>{'4)Ta):R 
cF,[G&8HIJKSwUT)7UY bkm.$GNRMC,114551.00,A,0419.70199,S,05539.86096,E,0.058,,190525,,,D*75
$GNVTG,,T,,M,0.058,N,0.108,K,D*3C
$GNGNS,114551.00,0419.70199,S,05539.86096,E,DA,15,0.61,12.2,-47.6,,0000*6E
$GNGGA,114551.00,0419.70199,S,05539.86096,E,2,12,0.61,12.2,M,-47.6,M,,0000*45
$GNGSA,A,3,29,10,23,32,26,18,28,16,27,,,,1.33,0.61,1.19*1C
$GNGSA,A,3,70,83,84,71,85,72,,,,,,,1.33,0.61,1.19*1D
$GPGSV,4,1,16,10,23,345,34,16,25,263,36,18,29,059,42,23,08,024,21*78
$GPGSV,4,2,16,24,00,061,,25,07,139,09,26,30,232,39,27,26,324,34*76
$GPGSV,4,3,16,28,36,173,32,29,31,143,36,31,21,201,,32,81,336,43*73
$GPGSV,4,4,16,36,52,277,39,40,84,353,41,41,58,082,41,49,32,274,*76
$GLGSV,3,1,11,70,44,347,19,71,56,265,38,72,18,220,15,73,15,164,09*65
$GLGSV,3,2,11,74,15,210,,75,00,255,,83,22,119,31,84,41,055,16*6E
$GLGSV,3,3,11,85,19,000,20,,,,32,,,,20*51
$GNGLL,0419.70199,S,05539.86096,E,114551.00,A,D*6B
$GNGRS,114551.00,1,1.3,-1.3,-14.9,0.6,-0.9,-3.7,5.3,2.8,2.1,,,*43
$GNGRS,114551.00,1,17.7,-4.3,-0.9,1.8,3.5,12.2,,,,,,*54
$GNGST,114551.00,173880,,,,1.7,1.4,3.1*48
$GNZDA,114551.00,19,05,2025,00,00*75
$GNGBS,114551.00,1.7,1.4,3.1,,,,*5B
